U1	I
0.02	0.67
0.04	0.60
0.07	0.67
0.09	0.67
0.12	0.80
0.14	0.66
0.17	0.71
0.19	0.61
0.21	0.78
0.24	0.67
0.26	0.76
0.29	0.54
0.31	0.69
0.34	0.61
0.36	0.80
0.39	0.64
0.41	0.77
0.43	0.59
0.46	0.79
0.48	0.62
0.51	0.81
0.53	0.62
0.56	0.77
0.58	0.61
0.61	0.84
0.63	0.64
0.65	0.85
0.68	0.66
0.70	0.85
0.73	0.69
0.75	0.83
0.78	0.60
0.80	0.83
0.83	0.64
0.85	0.80
0.87	0.60
0.90	0.76
0.92	0.63
0.95	0.80
0.97	0.58
1.00	0.72
1.02	0.60
1.05	0.82
1.07	0.71
1.09	0.83
1.12	0.66
1.14	0.78
1.17	0.69
1.19	0.84
1.22	0.70
1.24	0.74
1.26	0.62
1.29	0.71
1.31	0.68
1.34	0.76
1.36	0.68
1.39	0.70
1.41	0.62
1.44	0.68
1.46	0.71
1.48	0.73
1.51	0.71
1.53	0.69
1.56	0.68
1.58	0.68
1.61	0.74
1.63	0.72
1.66	0.76
1.68	0.68
1.70	0.69
1.73	0.63
1.75	0.74
1.78	0.68
1.80	0.79
1.83	0.66
1.85	0.74
1.88	0.68
1.90	0.86
1.92	0.74
1.95	0.85
1.97	0.65
2.00	0.77
2.02	0.64
2.05	0.79
2.07	0.61
2.10	0.76
2.12	0.57
2.14	0.76
2.17	0.62
2.19	0.82
2.22	0.63
2.24	0.82
2.27	0.68
2.29	0.86
2.31	0.69
2.34	0.89
2.36	0.69
2.39	0.91
2.41	0.69
2.44	0.83
2.46	0.64
2.49	0.81
2.51	0.61
2.53	0.79
2.56	0.58
2.58	0.80
2.61	0.66
2.63	0.82
2.66	0.66
2.68	0.78
2.71	0.63
2.73	0.83
2.75	0.67
2.78	0.76
2.80	0.60
2.83	0.69
2.85	0.63
2.88	0.77
2.90	0.66
2.93	0.71
2.95	0.61
2.97	0.68
3.00	0.69
3.02	0.76
3.05	0.67
3.07	0.67
3.10	0.62
3.12	0.66
3.15	0.70
3.17	0.70
3.19	0.70
3.22	0.66
3.24	0.66
3.27	0.67
3.29	0.75
3.32	0.73
3.34	0.78
3.36	0.66
3.39	0.73
3.41	0.64
3.44	0.75
3.46	0.67
3.49	0.76
3.51	0.59
3.54	0.70
3.56	0.61
3.58	0.82
3.61	0.69
3.63	0.79
3.66	0.62
3.68	0.78
3.71	0.64
3.73	0.84
3.76	0.62
3.78	0.79
3.80	0.62
3.83	0.81
3.85	0.66
3.88	0.84
3.90	0.62
3.93	0.79
3.95	0.61
3.98	0.78
4.00	0.60
4.02	0.78
4.05	0.62
4.07	0.82
4.10	0.66
4.12	0.83
4.15	0.66
4.17	0.83
4.20	0.65
4.22	0.79
4.24	0.62
4.27	0.82
4.29	0.67
4.32	0.82
4.34	0.63
4.37	0.76
4.39	0.65
4.42	0.83
4.44	0.69
4.46	0.80
4.49	0.64
4.51	0.75
4.54	0.69
4.56	0.81
4.59	0.70
4.61	0.75
4.63	0.64
4.66	0.74
4.68	0.74
4.71	0.80
4.73	0.76
4.76	0.76
4.78	0.71
4.81	0.73
4.83	0.75
4.85	0.76
4.88	0.78
4.90	0.69
4.93	0.69
4.95	0.64
4.98	0.74
5.00	0.71
5.03	0.74
5.05	0.61
5.07	0.69
5.10	0.60
5.12	0.75
5.15	0.64
5.17	0.73
5.20	0.63
5.22	0.76
5.25	0.63
5.27	0.85
5.29	0.73
5.32	0.85
5.34	0.66
5.37	0.79
5.39	0.64
5.42	0.81
5.44	0.59
5.47	0.75
5.49	0.59
5.51	0.76
5.54	0.59
5.56	0.77
5.59	0.60
5.61	0.79
5.64	0.58
5.66	0.75
5.68	0.57
5.71	0.75
5.73	0.59
5.76	0.78
5.78	0.59
5.81	0.76
5.83	0.60
5.86	0.77
5.88	0.59
5.90	0.71
5.93	0.57
5.95	0.75
5.98	0.63
6.00	0.77
6.03	0.60
6.05	0.73
6.08	0.64
6.10	0.77
6.12	0.67
6.15	0.74
6.17	0.58
6.20	0.69
6.22	0.64
6.25	0.75
6.27	0.67
6.30	0.70
6.32	0.65
6.34	0.74
6.37	0.71
6.39	0.78
6.42	0.72
6.44	0.70
6.47	0.66
6.49	0.65
6.52	0.70
6.54	0.72
6.56	0.72
6.59	0.67
6.61	0.68
6.64	0.66
6.66	0.77
6.69	0.72
6.71	0.81
6.73	0.69
6.76	0.76
6.78	0.68
6.81	0.81
6.83	0.70
6.86	0.82
6.88	0.62
6.91	0.74
6.93	0.61
6.95	0.78
6.98	0.64
7.00	0.79
7.03	0.57
7.05	0.79
7.08	0.65
7.10	0.83
7.13	0.68
7.15	0.84
7.17	0.64
7.20	0.84
7.22	0.64
7.25	0.82
7.27	0.64
7.30	0.82
7.32	0.63
7.35	0.81
7.37	0.61
7.39	0.83
7.42	0.65
7.44	0.85
7.47	0.65
7.49	0.84
7.52	0.71
7.54	0.90
7.57	0.69
7.59	0.85
7.61	0.68
7.64	0.87
7.66	0.73
7.69	0.82
7.71	0.64
7.74	0.75
7.76	0.65
7.78	0.84
7.81	0.70
7.83	0.77
7.86	0.68
7.88	0.77
7.91	0.76
7.93	0.86
7.96	0.74
7.98	0.78
8.00	0.69
8.03	0.73
8.05	0.77
8.08	0.79
8.10	0.76
8.13	0.76
8.15	0.75
8.18	0.77
8.20	0.88
8.22	0.88
8.25	0.90
8.27	0.81
8.30	0.82
8.32	0.77
8.35	0.88
8.37	0.79
8.40	0.86
8.42	0.73
8.44	0.84
8.47	0.74
8.49	0.89
8.52	0.80
8.54	0.90
8.57	0.72
8.59	0.86
8.62	0.70
8.64	0.88
8.66	0.72
8.69	0.84
8.71	0.66
8.74	0.82
8.76	0.68
8.79	0.89
8.81	0.72
8.84	0.90
8.86	0.72
8.88	0.93
8.91	0.78
8.93	0.95
8.96	0.74
8.98	0.94
9.01	0.75
9.03	0.94
9.05	0.75
9.08	0.92
9.10	0.75
9.13	0.94
9.15	0.75
9.18	0.93
9.20	0.78
9.23	0.91
9.25	0.76
9.27	0.92
9.30	0.80
9.32	1.01
9.35	0.88
9.37	1.00
9.40	0.84
9.42	0.95
9.45	0.86
9.47	0.96
9.49	0.84
9.52	0.91
9.54	0.79
9.57	0.91
9.59	0.86
9.62	0.93
9.64	0.87
9.67	0.88
9.69	0.82
9.71	0.86
9.74	0.86
9.76	0.88
9.79	0.89
9.81	0.85
9.84	0.84
9.86	0.84
9.89	0.91
9.91	0.92
9.93	0.97
9.96	0.87
9.98	0.93
10.01	0.89
10.03	1.01
10.06	0.95
10.08	1.01
10.10	0.88
10.13	0.99
10.15	0.87
10.18	1.04
10.20	0.91
10.23	1.00
10.25	0.83
10.28	0.97
10.30	0.83
10.32	1.05
10.35	0.88
10.37	1.02
10.40	0.84
10.42	1.06
10.45	0.90
10.47	1.08
10.50	0.86
10.52	1.03
10.54	0.84
10.57	1.02
10.59	0.83
10.62	1.03
10.64	0.85
10.67	1.06
10.69	0.83
10.72	1.05
10.74	0.86
10.76	1.04
10.79	0.86
10.81	1.02
10.84	0.83
10.86	1.06
10.89	0.90
10.91	1.07
10.94	0.86
10.96	0.97
10.98	0.85
11.01	1.05
11.03	0.93
11.06	1.04
11.08	0.87
11.11	1.01
11.13	0.96
11.15	1.08
11.18	0.96
11.20	1.00
11.23	0.88
11.25	1.00
11.28	0.98
11.30	1.08
11.33	1.01
11.35	1.02
11.37	0.99
11.40	1.06
11.42	1.08
11.45	1.09
11.47	1.07
11.50	1.04
11.52	1.07
11.55	1.06
11.57	1.13
11.59	1.11
11.62	1.16
11.64	1.06
11.67	1.08
11.69	0.98
11.72	1.12
11.74	1.06
11.77	1.17
11.79	1.04
11.81	1.15
11.84	1.06
11.86	1.28
11.89	1.14
11.91	1.24
11.94	1.03
11.96	1.17
11.99	1.05
12.01	1.24
12.03	1.03
12.06	1.19
12.08	1.03
12.11	1.21
12.13	1.08
12.16	1.25
12.18	1.11
12.21	1.28
12.23	1.10
12.25	1.29
12.28	1.13
12.30	1.34
12.33	1.18
12.35	1.38
12.38	1.20
12.40	1.34
12.42	1.16
12.45	1.34
12.47	1.13
12.50	1.28
12.52	1.09
12.55	1.30
12.57	1.22
12.60	1.37
12.62	1.18
12.64	1.33
12.67	1.23
12.69	1.41
12.72	1.29
12.74	1.37
12.77	1.24
12.79	1.35
12.82	1.28
12.84	1.42
12.86	1.34
12.89	1.36
12.91	1.29
12.94	1.36
12.96	1.37
12.99	1.46
13.01	1.39
13.04	1.38
13.06	1.35
13.08	1.38
13.11	1.43
13.13	1.44
13.16	1.44
13.18	1.41
13.21	1.42
13.23	1.40
13.26	1.48
13.28	1.45
13.30	1.52
13.33	1.40
13.35	1.44
13.38	1.37
13.40	1.49
13.43	1.41
13.45	1.55
13.47	1.36
13.50	1.48
13.52	1.37
13.55	1.56
13.57	1.44
13.60	1.57
13.62	1.37
13.65	1.57
13.67	1.44
13.69	1.64
13.72	1.45
13.74	1.57
13.77	1.40
13.79	1.58
13.82	1.39
13.84	1.58
13.87	1.38
13.89	1.57
13.91	1.42
13.94	1.61
13.96	1.41
13.99	1.61
14.01	1.41
14.04	1.59
14.06	1.38
14.09	1.56
14.11	1.39
14.13	1.57
14.16	1.37
14.18	1.54
14.21	1.38
14.23	1.59
14.26	1.43
14.28	1.54
14.31	1.37
14.33	1.49
14.35	1.38
14.38	1.57
14.40	1.43
14.43	1.51
14.45	1.37
14.48	1.49
14.50	1.45
14.52	1.54
14.55	1.42
14.57	1.44
14.60	1.34
14.62	1.43
14.65	1.43
14.67	1.48
14.70	1.44
14.72	1.43
14.74	1.43
14.77	1.45
14.79	1.50
14.82	1.47
14.84	1.48
14.87	1.40
14.89	1.43
14.92	1.41
14.94	1.50
14.96	1.45
14.99	1.52
15.01	1.38
15.04	1.46
15.06	1.36
15.09	1.48
15.11	1.41
15.14	1.47
15.16	1.28
15.18	1.41
15.21	1.29
15.23	1.49
15.26	1.35
15.28	1.46
15.31	1.32
15.33	1.51
15.36	1.37
15.38	1.57
15.40	1.38
15.43	1.53
15.45	1.36
15.48	1.54
15.50	1.37
15.53	1.58
15.55	1.40
15.57	1.58
15.60	1.39
15.62	1.57
15.65	1.38
15.67	1.59
15.70	1.41
15.72	1.57
15.75	1.41
15.77	1.62
15.79	1.46
15.82	1.61
15.84	1.42
15.87	1.57
15.89	1.42
15.92	1.60
15.94	1.47
15.97	1.61
15.99	1.44
16.01	1.58
16.04	1.49
16.06	1.65
16.09	1.52
16.11	1.61
16.14	1.49
16.16	1.62
16.19	1.57
16.21	1.67
16.23	1.61
16.26	1.65
16.28	1.56
16.31	1.65
16.33	1.66
16.36	1.72
16.38	1.72
16.41	1.69
16.43	1.70
16.45	1.73
16.48	1.78
16.50	1.80
16.53	1.82
16.55	1.75
16.58	1.79
16.60	1.74
16.63	1.87
16.65	1.86
16.67	1.94
16.70	1.83
16.72	1.90
16.75	1.81
16.77	2.02
16.80	1.93
16.82	2.03
16.84	1.86
16.87	2.03
16.89	1.94
16.92	2.19
16.94	2.03
16.97	2.18
16.99	2.01
17.02	2.21
17.04	2.09
17.06	2.29
17.09	2.10
17.11	2.30
17.14	2.12
17.16	2.36
17.19	2.21
17.21	2.39
17.24	2.26
17.26	2.47
17.28	2.30
17.31	2.50
17.33	2.30
17.36	2.51
17.38	2.37
17.41	2.55
17.43	2.37
17.46	2.54
17.48	2.41
17.50	2.62
17.53	2.45
17.55	2.59
17.58	2.47
17.60	2.66
17.63	2.56
17.65	2.67
17.68	2.49
17.70	2.62
17.72	2.55
17.75	2.67
17.77	2.58
17.80	2.63
17.82	2.55
17.85	2.68
17.87	2.64
17.89	2.72
17.92	2.63
17.94	2.64
17.97	2.61
17.99	2.65
18.02	2.65
18.04	2.70
18.07	2.65
18.09	2.65
18.11	2.65
18.14	2.65
18.16	2.71
18.19	2.69
18.21	2.70
18.24	2.65
18.26	2.69
18.29	2.64
18.31	2.75
18.33	2.70
18.36	2.76
18.38	2.62
18.41	2.69
18.43	2.56
18.46	2.70
18.48	2.53
18.51	2.62
18.53	2.44
18.55	2.61
18.58	2.53
18.60	2.72
18.63	2.57
18.65	2.73
18.68	2.53
18.70	2.72
18.73	2.56
18.75	2.69
18.77	2.48
18.80	2.62
18.82	2.43
18.85	2.60
18.87	2.43
18.90	2.56
18.92	2.34
18.94	2.52
18.97	2.35
18.99	2.54
19.02	2.36
19.04	2.54
19.07	2.36
19.09	2.54
19.12	2.34
19.14	2.49
19.16	2.30
19.19	2.45
19.21	2.20
19.24	2.34
19.26	2.19
19.29	2.41
19.31	2.26
19.34	2.34
19.36	2.16
19.38	2.31
19.41	2.20
19.43	2.35
19.46	2.20
19.48	2.27
19.51	2.15
19.53	2.22
19.56	2.18
19.58	2.25
19.60	2.15
19.63	2.15
19.65	2.09
19.68	2.15
19.70	2.16
19.73	2.18
19.75	2.16
19.78	2.14
19.80	2.13
19.82	2.11
19.85	2.17
19.87	2.15
19.90	2.18
19.92	2.08
19.95	2.07
19.97	2.00
19.99	2.11
20.02	2.04
20.04	2.13
20.07	1.95
20.09	2.04
20.12	1.98
20.14	2.16
20.17	2.06
20.19	2.17
20.21	2.00
20.24	2.17
20.26	2.04
20.29	2.21
20.31	2.06
20.34	2.21
20.36	2.03
20.39	2.24
20.41	2.08
20.43	2.29
20.46	2.08
20.48	2.26
20.51	2.09
20.53	2.26
20.56	2.07
20.58	2.27
20.61	2.09
20.63	2.33
20.65	2.14
20.68	2.32
20.70	2.16
20.73	2.38
20.75	2.22
20.78	2.41
20.80	2.24
20.83	2.47
20.85	2.34
20.87	2.50
20.90	2.34
20.92	2.50
20.95	2.40
20.97	2.60
21.00	2.44
21.02	2.55
21.05	2.44
21.07	2.57
21.09	2.54
21.12	2.67
21.14	2.59
21.17	2.70
21.19	2.63
21.22	2.75
21.24	2.78
21.26	2.87
21.29	2.87
21.31	2.92
21.34	2.91
21.36	2.98
21.39	3.03
21.41	3.08
21.44	3.12
21.46	3.08
21.48	3.12
21.51	3.16
21.53	3.29
21.56	3.32
21.58	3.40
21.61	3.33
21.63	3.44
21.66	3.41
21.68	3.59
21.70	3.56
21.73	3.69
21.75	3.60
21.78	3.77
21.80	3.72
21.83	3.98
21.85	3.87
21.88	4.02
21.90	3.89
21.92	4.09
21.95	4.00
21.97	4.23
22.00	4.09
22.02	4.27
22.05	4.14
22.07	4.35
22.10	4.23
22.12	4.44
22.14	4.27
22.17	4.49
22.19	4.35
22.22	4.55
22.24	4.43
22.27	4.66
22.29	4.51
22.31	4.75
22.34	4.57
22.36	4.83
22.39	4.68
22.41	4.87
22.44	4.70
22.46	4.88
22.49	4.72
22.51	4.92
22.53	4.74
22.56	4.91
22.58	4.72
22.61	4.86
22.63	4.78
22.66	4.96
22.68	4.84
22.71	4.93
22.73	4.77
22.75	4.90
22.78	4.84
22.80	4.95
22.83	4.85
22.85	4.89
22.88	4.81
22.90	4.90
22.93	4.87
22.95	4.91
22.97	4.84
23.00	4.82
23.02	4.77
23.05	4.77
23.07	4.80
23.10	4.83
23.12	4.83
23.15	4.73
23.17	4.72
23.19	4.66
23.22	4.74
23.24	4.66
23.27	4.68
23.29	4.55
23.32	4.60
23.34	4.45
23.36	4.60
23.39	4.46
23.41	4.51
23.44	4.30
23.46	4.37
23.49	4.21
23.51	4.40
23.54	4.19
23.56	4.29
23.58	4.09
23.61	4.24
23.63	4.06
23.66	4.18
23.68	3.96
23.71	4.06
23.73	3.83
23.76	4.00
23.78	3.79
23.80	3.93
23.83	3.77
23.85	3.90
23.88	3.67
23.90	3.80
23.93	3.55
23.95	3.71
23.98	3.47
24.00	3.62
24.02	3.42
24.05	3.58
24.07	3.42
24.10	3.58
24.12	3.34
24.15	3.50
24.17	3.31
24.20	3.45
24.22	3.27
24.24	3.35
24.27	3.12
24.29	3.23
24.32	3.09
24.34	3.21
24.37	3.09
24.39	3.14
24.42	3.00
24.44	3.11
24.46	3.03
24.49	3.14
24.51	3.03
24.54	3.02
24.56	2.96
24.59	3.02
24.61	2.99
24.63	3.03
24.66	2.96
24.68	2.93
24.71	2.90
24.73	2.90
24.76	2.94
24.78	2.93
24.81	2.96
24.83	2.90
24.85	2.91
24.88	2.88
24.90	2.97
24.93	2.92
24.95	3.03
24.98	2.90
25.00	2.96
25.03	2.86
25.05	3.00
25.07	2.92
25.10	3.02
25.12	2.80
25.15	2.97
25.17	2.88
25.20	3.11
25.22	3.01
25.25	3.16
25.27	2.98
25.29	3.21
25.32	3.06
25.34	3.26
25.37	3.10
25.39	3.28
25.42	3.14
25.44	3.40
25.47	3.25
25.49	3.47
25.51	3.30
25.54	3.53
25.56	3.35
25.59	3.57
25.61	3.37
25.64	3.60
25.66	3.47
25.68	3.73
25.71	3.58
25.73	3.84
25.76	3.75
25.78	3.99
25.81	3.84
25.83	4.04
25.86	3.93
25.88	4.17
25.90	4.09
25.93	4.24
25.95	4.16
25.98	4.38
26.00	4.33
26.03	4.54
26.05	4.51
26.08	4.64
26.10	4.60
26.12	4.73
26.15	4.75
26.17	4.91
26.20	4.91
26.22	4.99
26.25	4.98
26.27	5.12
26.30	5.23
26.32	5.35
26.34	5.44
26.37	5.50
26.39	5.61
26.42	5.71
26.44	5.87
26.47	5.92
26.49	6.04
26.52	6.00
26.54	6.11
26.56	6.12
26.59	6.30
26.61	6.31
26.64	6.49
26.66	6.42
26.69	6.63
26.71	6.62
26.73	6.85
26.76	6.81
26.78	6.99
26.81	6.88
26.83	7.11
26.86	7.04
26.88	7.34
26.91	7.25
26.93	7.45
26.95	7.34
26.98	7.58
27.00	7.51
27.03	7.78
27.05	7.61
27.08	7.84
27.10	7.75
27.13	7.97
27.15	7.86
27.17	8.10
27.20	7.92
27.22	8.18
27.25	8.03
27.27	8.23
27.30	8.12
27.32	8.32
27.35	8.18
27.37	8.40
27.39	8.26
27.42	8.49
27.44	8.38
27.47	8.52
27.49	8.37
27.52	8.49
27.54	8.35
27.57	8.50
27.59	8.36
27.61	8.44
27.64	8.28
27.66	8.36
27.69	8.29
27.71	8.39
27.74	8.29
27.76	8.33
27.78	8.21
27.81	8.27
27.83	8.24
27.86	8.25
27.88	8.18
27.91	8.11
27.93	7.98
27.96	7.96
27.98	7.90
28.00	7.85
28.03	7.82
28.05	7.77
28.08	7.74
28.10	7.65
28.13	7.71
28.15	7.70
28.18	7.66
28.20	7.47
28.22	7.38
28.25	7.20
28.27	7.27
28.30	7.08
28.32	7.02
28.35	6.76
28.37	6.77
28.40	6.49
28.42	6.37
28.44	5.75
28.47	5.48
28.49	5.12
28.52	5.17
28.54	4.96
28.57	5.18
28.59	5.16
28.62	5.42
28.64	5.21
28.66	5.14
28.69	4.65
28.71	4.39
28.74	3.74
28.76	3.50
28.79	3.11
28.81	3.14
28.84	2.80
28.86	2.87
28.88	2.65
28.91	2.82
28.93	2.57
28.96	2.73
28.98	2.55
29.01	2.74
29.03	2.61
29.05	2.78
29.08	2.62
29.10	2.81
29.13	2.66
29.15	2.83
29.18	2.65
29.20	2.78
29.23	2.69
29.25	2.86
29.27	2.76
29.30	2.87
29.32	2.71
29.35	2.84
29.37	2.80
29.40	2.91
29.42	2.83
29.45	2.88
29.47	2.81
29.49	2.96
29.52	2.97
29.54	3.05
29.57	3.03
29.59	3.03
29.62	3.03
29.64	3.10
29.67	3.12
29.69	3.15
29.71	3.16
29.74	3.11
29.76	3.16
29.79	3.16
29.81	3.28
29.84	3.29
29.86	3.39
29.89	3.31
29.91	3.42
29.93	3.38
29.96	3.61
29.98	3.53
30.01	3.67
30.03	3.52
30.06	3.69
30.08	3.62
30.10	3.85
30.13	3.71
30.15	3.92
30.18	3.77
30.20	4.03
30.23	3.97
30.25	4.23
30.28	4.11
30.30	4.34
30.32	4.18
30.35	4.46
30.37	4.36
30.40	4.57
30.42	4.44
30.45	4.67
30.47	4.54
30.50	4.79
30.52	4.66
30.54	4.91
30.57	4.82
30.59	5.11
30.62	5.01
30.64	5.30
30.67	5.24
30.69	5.51
30.72	5.40
30.74	5.63
30.76	5.53
30.79	5.82
30.81	5.76
30.84	5.98
30.86	5.89
30.89	6.11
30.91	6.14
30.94	6.39
30.96	6.39
30.98	6.57
31.01	6.56
31.03	6.77
31.06	6.81
31.08	7.01
31.11	7.04
31.13	7.13
31.15	7.17
31.18	7.31
31.20	7.42
31.23	7.58
31.25	7.63
31.28	7.69
31.30	7.80
31.33	7.89
31.35	8.08
31.37	8.16
31.40	8.28
31.42	8.34
31.45	8.50
31.47	8.57
31.50	8.79
31.52	8.87
31.55	9.07
31.57	9.08
31.59	9.26
31.62	9.27
31.64	9.52
31.67	9.52
31.69	9.71
31.72	9.60
31.74	9.83
31.77	9.78
31.79	10.06
31.81	10.01
31.84	10.21
31.86	10.10
31.89	10.38
31.91	10.30
31.94	10.55
31.96	10.40
31.99	10.62
32.01	10.51
32.03	10.73
32.06	10.60
32.08	10.80
32.11	10.66
32.13	10.90
32.16	10.75
32.18	10.94
32.20	10.79
32.23	11.00
32.25	10.85
32.28	11.05
32.30	10.87
32.33	11.04
32.35	10.90
32.38	11.04
32.40	10.81
32.42	10.95
32.45	10.77
32.47	10.94
32.50	10.76
32.52	10.83
32.55	10.63
32.57	10.71
32.60	10.56
32.62	10.66
32.64	10.46
32.67	10.46
32.69	10.29
32.72	10.31
32.74	10.22
32.77	10.22
32.79	10.05
32.82	10.03
32.84	9.89
32.86	9.88
32.89	9.84
32.91	9.78
32.94	9.68
32.96	9.56
32.99	9.43
33.01	9.32
33.04	9.26
33.06	9.12
33.08	9.05
33.11	8.84
33.13	8.78
33.16	8.64
33.18	8.66
33.21	8.51
33.23	8.47
33.26	8.24
33.28	8.25
33.30	8.05
33.33	8.14
33.35	7.94
33.38	7.90
33.40	7.60
33.43	7.65
33.45	7.43
33.47	7.52
33.50	7.21
33.52	7.25
33.55	7.01
33.57	7.12
33.60	6.88
33.62	6.98
33.65	6.72
33.67	6.80
33.69	6.54
33.72	6.65
33.74	6.39
33.77	6.51
33.79	6.24
33.82	6.38
33.84	6.12
33.87	6.21
33.89	5.95
33.91	6.09
33.94	5.84
33.96	5.95
33.99	5.68
34.01	5.86
34.04	5.68
34.06	5.78
34.09	5.52
34.11	5.56
34.13	5.37
34.16	5.53
34.18	5.32
34.21	5.39
34.23	5.22
34.26	5.33
34.28	5.26
34.31	5.38
34.33	5.23
34.35	5.29
34.38	5.16
34.40	5.23
34.43	5.21
34.45	5.28
34.48	5.25
34.50	5.23
34.52	5.16
34.55	5.22
34.57	5.22
34.60	5.26
34.62	5.26
34.65	5.19
34.67	5.23
34.70	5.25
34.72	5.36
34.74	5.41
34.77	5.46
34.79	5.40
34.82	5.48
34.84	5.41
34.87	5.58
34.89	5.54
34.92	5.65
34.94	5.56
34.96	5.68
34.99	5.62
35.01	5.89
35.04	5.81
35.06	5.98
35.09	5.87
35.11	6.09
35.14	6.03
35.16	6.31
35.18	6.17
35.21	6.38
35.23	6.26
35.26	6.55
35.28	6.47
35.31	6.73
35.33	6.61
35.36	6.92
35.38	6.84
35.40	7.15
35.43	7.02
35.45	7.32
35.48	7.29
35.50	7.61
35.53	7.54
35.55	7.85
35.57	7.73
35.60	8.04
35.62	7.96
35.65	8.23
35.67	8.19
35.70	8.48
35.72	8.44
35.75	8.75
35.77	8.73
35.79	9.00
35.82	9.04
35.84	9.35
35.87	9.39
35.89	9.63
35.92	9.65
35.94	9.91
35.97	10.02
35.99	10.28
36.01	10.33
36.04	10.51
36.06	10.61
36.09	10.86
36.11	11.02
36.14	11.25
36.16	11.39
36.19	11.56
36.21	11.76
36.23	11.93
36.26	12.13
36.28	12.30
36.31	12.44
36.33	12.53
36.36	12.72
36.38	12.83
36.41	13.10
36.43	13.24
36.45	13.49
36.48	13.60
36.50	13.88
36.53	13.96
36.55	14.33
36.58	14.43
36.60	14.69
36.62	14.66
36.65	14.92
36.67	14.96
36.70	15.31
36.72	15.27
36.75	15.53
36.77	15.49
36.80	15.86
36.82	15.86
36.84	16.18
36.87	16.12
36.89	16.40
36.92	16.31
36.94	16.65
36.97	16.55
36.99	16.80
37.02	16.69
37.04	16.93
37.06	16.82
37.09	17.08
37.11	16.93
37.14	17.22
37.16	17.08
37.19	17.33
37.21	17.22
37.24	17.40
37.26	17.32
37.28	17.52
37.31	17.31
37.33	17.50
37.36	17.35
37.38	17.51
37.41	17.37
37.43	17.42
37.46	17.21
37.48	17.31
37.50	17.14
37.53	17.24
37.55	17.08
37.58	17.09
37.60	16.89
37.63	16.92
37.65	16.80
37.68	16.85
37.70	16.65
37.72	16.56
37.75	16.39
37.77	16.34
37.80	16.19
37.82	16.10
37.85	15.89
37.87	15.75
37.89	15.55
37.92	15.41
37.94	15.31
37.97	15.16
37.99	15.08
38.02	14.86
38.04	14.72
38.07	14.55
38.09	14.47
38.11	14.24
38.14	14.13
38.16	13.76
38.19	13.63
38.21	13.36
38.24	13.27
38.26	12.98
38.29	12.90
38.31	12.54
38.33	12.50
38.36	12.24
38.38	12.21
38.41	11.95
38.43	11.91
38.46	11.56
38.48	11.59
38.51	11.24
38.53	11.24
38.55	10.90
38.58	10.87
38.60	10.54
38.63	10.58
38.65	10.27
38.68	10.33
38.70	10.01
38.73	10.06
38.75	9.72
38.77	9.81
38.80	9.50
38.82	9.55
38.85	9.24
38.87	9.30
38.90	9.03
38.92	9.14
38.94	8.88
38.97	8.91
38.99	8.65
39.02	8.71
39.04	8.49
39.07	8.58
39.09	8.38
39.12	8.38
39.14	8.16
39.16	8.22
39.19	8.09
39.21	8.17
39.24	8.00
39.26	8.01
39.29	7.88
39.31	7.96
39.34	7.87
39.36	7.90
39.38	7.78
39.41	7.80
39.43	7.74
39.46	7.79
39.48	7.80
39.51	7.84
39.53	7.85
39.56	7.87
39.58	7.87
39.60	7.86
39.63	7.94
39.65	7.96
39.68	8.07
39.70	8.01
39.73	8.07
39.75	8.07
39.78	8.25
39.80	8.26
39.82	8.43
39.85	8.32
39.87	8.52
39.90	8.49
39.92	8.78
39.95	8.75
39.97	8.96
39.99	8.83
40.02	9.09
40.04	9.07
40.07	9.40
40.09	9.27
40.12	9.52
40.14	9.46
40.17	9.78
40.19	9.73
40.21	10.04
40.24	9.97
40.26	10.32
40.29	10.29
40.31	10.63
40.34	10.59
40.36	10.94
40.39	10.87
40.41	11.24
40.43	11.20
40.46	11.55
40.48	11.49
40.51	11.83
40.53	11.81
40.56	12.18
40.58	12.17
40.61	12.55
40.63	12.56
40.65	12.92
40.68	12.96
40.70	13.30
40.73	13.38
40.75	13.76
40.78	13.83
40.80	14.12
40.83	14.17
40.85	14.47
40.87	14.64
40.90	14.98
40.92	15.10
40.95	15.40
40.97	15.58
41.00	15.90
41.02	16.15
41.05	16.43
41.07	16.62
41.09	16.86
41.12	17.03
41.14	17.28
41.17	17.53
41.19	17.75
41.22	17.98
41.24	18.15
41.26	18.40
41.29	18.63
41.31	19.00
41.34	19.24
41.36	19.56
41.39	19.72
41.41	20.04
41.44	20.19
41.46	20.59
41.48	20.70
41.51	21.00
41.53	21.03
41.56	21.32
41.58	21.40
41.61	21.83
41.63	21.88
41.66	22.20
41.68	22.22
41.70	22.61
41.73	22.69
41.75	23.10
41.78	23.05
41.80	23.37
41.83	23.37
41.85	23.73
41.88	23.72
41.90	24.02
41.92	23.93
41.95	24.24
41.97	24.18
42.00	24.46
42.02	24.36
42.05	24.64
42.07	24.55
42.10	24.83
42.12	24.71
42.14	24.92
42.17	24.80
42.19	25.03
42.22	24.86
42.24	25.05
42.27	24.90
42.29	25.08
42.31	24.94
42.34	25.05
42.36	24.80
42.39	24.87
42.41	24.70
42.44	24.78
42.46	24.60
42.49	24.60
42.51	24.41
42.53	24.48
42.56	24.34
42.58	24.32
42.61	24.14
42.63	24.03
42.66	23.81
42.68	23.71
42.71	23.51
42.73	23.41
42.75	23.19
42.78	22.96
42.80	22.74
42.83	22.54
42.85	22.36
42.88	22.19
42.90	21.99
42.93	21.74
42.95	21.54
42.97	21.32
43.00	21.19
43.02	20.93
43.05	20.71
43.07	20.34
43.10	20.16
43.12	19.85
43.15	19.74
43.17	19.41
43.19	19.25
43.22	18.86
43.24	18.76
43.27	18.40
43.29	18.30
43.32	17.91
43.34	17.77
43.36	17.41
43.39	17.34
43.41	16.97
43.44	16.88
43.46	16.51
43.49	16.42
43.51	16.02
43.54	15.93
43.56	15.54
43.58	15.52
43.61	15.18
43.63	15.14
43.66	14.77
43.68	14.77
43.71	14.38
43.73	14.40
43.76	14.01
43.78	14.00
43.80	13.66
43.83	13.66
43.85	13.33
43.88	13.37
43.90	13.00
43.93	13.00
43.95	12.72
43.98	12.78
44.00	12.53
44.02	12.52
44.05	12.22
44.07	12.26
44.10	12.07
44.12	12.14
44.15	11.94
44.17	11.93
44.20	11.78
44.22	11.85
44.24	11.77
44.27	11.81
44.29	11.66
44.32	11.64
44.34	11.55
44.37	11.57
44.39	11.56
44.41	11.57
44.44	11.55
44.46	11.53
44.49	11.54
44.51	11.56
44.54	11.68
44.56	11.69
44.59	11.78
44.61	11.74
44.63	11.82
44.66	11.81
44.68	11.98
44.71	11.96
44.73	12.13
44.76	12.04
44.78	12.25
44.81	12.26
44.83	12.58
44.85	12.59
44.88	12.83
44.90	12.73
44.93	13.04
44.95	13.02
44.98	13.32
45.00	13.24
45.03	13.53
45.05	13.49
45.07	13.87
45.10	13.88
45.12	14.24
45.15	14.22
45.17	14.60
45.20	14.59
45.22	15.02
45.25	15.02
45.27	15.40
45.29	15.44
45.32	15.83
45.34	15.83
45.37	16.23
45.39	16.22
45.42	16.59
45.44	16.59
45.47	16.96
45.49	17.07
45.51	17.52
45.54	17.66
45.56	18.06
45.59	18.17
45.61	18.59
45.64	18.77
45.66	19.18
45.68	19.29
45.71	19.58
45.73	19.72
45.76	20.08
45.78	20.31
45.81	20.67
45.83	20.86
45.86	21.20
45.88	21.44
45.90	21.79
45.93	22.11
45.95	22.47
45.98	22.77
46.00	23.06
46.03	23.34
46.05	23.64
46.08	24.00
46.10	24.31
46.12	24.65
46.15	24.87
46.17	25.23
46.20	25.55
46.22	26.00
46.25	26.29
46.27	26.72
46.30	26.92
46.32	27.34
46.34	27.56
46.37	28.01
46.39	28.20
46.42	28.59
46.44	28.65
46.47	29.09
46.49	29.23
46.52	29.69
46.54	29.83
46.56	30.26
46.59	30.35
46.61	30.86
46.64	30.95
46.66	31.44
46.69	31.54
46.71	31.91
46.73	31.95
46.76	32.37
46.78	32.38
46.81	32.79
46.83	32.76
46.86	33.12
46.88	33.16
46.91	33.51
46.93	33.49
46.95	33.81
46.98	33.79
47.00	34.15
47.03	34.11
47.05	34.40
47.08	34.38
47.10	34.66
47.13	34.62
47.15	34.84
47.17	34.75
47.20	34.99
47.22	34.91
47.25	35.04
47.27	34.87
47.30	34.98
47.32	34.88
47.35	34.99
47.37	34.83
47.39	34.89
47.42	34.73
47.44	34.79
47.47	34.69
47.49	34.69
47.52	34.56
47.54	34.48
47.57	34.28
47.59	34.19
47.61	34.03
47.64	33.87
47.66	33.68
47.69	33.43
47.71	33.21
47.74	33.00
47.76	32.84
47.78	32.65
47.81	32.46
47.83	32.15
47.86	31.97
47.88	31.68
47.91	31.49
47.93	31.17
47.96	30.92
47.98	30.50
48.00	30.27
48.03	29.83
48.05	29.62
48.08	29.22
48.10	29.01
48.13	28.56
48.15	28.40
48.18	27.98
48.20	27.87
48.22	27.47
48.25	27.30
48.27	26.81
48.30	26.66
48.32	26.17
48.35	26.00
48.37	25.50
48.40	25.30
48.42	24.79
48.44	24.69
48.47	24.24
48.49	24.15
48.52	23.74
48.54	23.67
48.57	23.19
48.59	23.14
48.62	22.63
48.64	22.52
48.66	22.05
48.69	21.90
48.71	21.40
48.74	21.32
48.76	20.86
48.79	20.75
48.81	20.33
48.84	20.30
48.86	19.93
48.88	19.96
48.91	19.60
48.93	19.60
48.96	19.29
48.98	19.33
49.01	18.98
49.03	18.99
49.05	18.66
49.08	18.74
49.10	18.47
49.13	18.51
49.15	18.17
49.18	18.21
49.20	17.99
49.23	18.08
49.25	17.87
49.27	17.90
49.30	17.69
49.32	17.79
49.35	17.68
49.37	17.79
49.40	17.67
49.42	17.68
49.45	17.60
49.47	17.69
49.49	17.68
49.52	17.78
49.54	17.72
49.57	17.75
49.59	17.77
49.62	17.85
49.64	17.95
49.67	18.04
49.69	18.14
49.71	18.19
49.74	18.30
49.76	18.40
49.79	18.62
49.81	18.71
49.84	18.89
49.86	18.89
49.89	19.09
49.91	19.15
49.93	19.42
49.96	19.45
49.98	19.76
50.01	19.77
50.03	20.11
50.06	20.26
50.08	20.69
50.10	20.79
50.13	21.18
50.15	21.21
50.18	21.66
50.20	21.76
50.23	22.15
50.25	22.19
50.28	22.60
50.30	22.66
50.32	23.11
50.35	23.17
50.37	23.63
50.40	23.72
50.42	24.20
50.45	24.31
50.47	24.84
50.50	24.97
50.52	25.50
50.54	25.62
50.57	26.08
50.59	26.24
50.62	26.74
50.64	26.91
50.67	27.40
50.69	27.53
50.72	28.05
50.74	28.36
50.76	28.90
50.79	29.19
50.81	29.68
50.84	29.95
50.86	30.48
50.89	30.76
50.91	31.23
50.94	31.50
50.96	31.87
50.98	32.12
51.01	32.57
51.03	32.93
51.06	33.42
51.08	33.78
51.11	34.22
51.13	34.63
51.15	35.09
51.18	35.56
51.20	35.98
51.23	36.43
51.25	36.78
51.28	37.16
51.30	37.52
51.33	37.97
51.35	38.27
51.37	38.69
51.40	38.96
51.42	39.40
51.45	39.77
51.47	40.30
51.50	40.63
51.52	41.18
51.55	41.40
51.57	41.89
51.59	42.10
51.62	42.62
51.64	42.78
51.67	43.23
51.69	43.27
51.72	43.75
51.74	43.83
51.77	44.35
51.79	44.43
51.81	44.86
51.84	44.93
51.86	45.45
51.89	45.50
51.91	45.94
51.94	45.89
51.96	46.26
51.99	46.29
52.01	46.65
52.03	46.62
52.06	46.97
52.08	46.91
52.11	47.30
52.13	47.23
52.16	47.50
52.18	47.41
52.20	47.67
52.23	47.53
52.25	47.82
52.28	47.65
52.30	47.88
52.33	47.75
52.35	47.95
52.38	47.74
52.40	47.88
52.42	47.67
52.45	47.82
52.47	47.61
52.50	47.65
52.52	47.34
52.55	47.34
52.57	47.13
52.60	47.12
52.62	46.84
52.64	46.75
52.67	46.44
52.69	46.37
52.72	46.16
52.74	46.02
52.77	45.78
52.79	45.58
52.82	45.27
52.84	45.06
52.86	44.78
52.89	44.50
52.91	44.22
52.94	43.82
52.96	43.47
52.99	43.19
53.01	42.95
53.04	42.65
53.06	42.39
53.08	41.98
53.11	41.72
53.13	41.37
53.16	41.08
53.18	40.65
53.21	40.34
53.23	39.80
53.26	39.49
53.28	39.02
53.30	38.75
53.33	38.29
53.35	38.06
53.38	37.54
53.40	37.36
53.43	36.88
53.45	36.70
53.47	36.21
53.50	35.97
53.52	35.45
53.55	35.24
53.57	34.71
53.60	34.58
53.62	34.02
53.65	33.88
53.67	33.33
53.69	33.17
53.72	32.71
53.74	32.63
53.77	32.18
53.79	32.11
53.82	31.61
53.84	31.58
53.87	31.10
53.89	31.04
53.91	30.57
53.94	30.40
53.96	29.99
53.99	29.97
54.01	29.59
54.04	29.55
54.06	29.17
54.09	29.11
54.11	28.88
54.13	28.90
54.16	28.62
54.18	28.58
54.21	28.30
54.23	28.27
54.26	28.12
54.28	28.10
54.31	27.91
54.33	27.87
54.35	27.70
54.38	27.73
54.40	27.67
54.43	27.71
54.45	27.66
54.48	27.63
54.50	27.63
54.52	27.67
54.55	27.75
54.57	27.81
54.60	27.87
54.62	27.83
54.65	27.93
54.67	27.93
54.70	28.14
54.72	28.17
54.74	28.33
54.77	28.30
54.79	28.50
54.82	28.55
54.84	28.91
54.87	28.94
54.89	29.27
54.92	29.30
54.94	29.65
54.96	29.75
54.99	30.18
55.01	30.23
55.04	30.66
55.06	30.71
55.09	31.12
55.11	31.23
55.14	31.65
55.16	31.66
55.18	32.07
55.21	32.11
55.23	32.56
55.26	32.70
55.28	33.16
55.31	33.37
55.33	33.95
55.36	34.18
55.38	34.78
55.40	34.96
55.43	35.48
55.45	35.69
55.48	36.19
55.50	36.41
55.53	36.94
55.55	37.11
55.57	37.64
55.60	37.94
55.62	38.51
55.65	38.86
55.67	39.46
55.70	39.79
55.72	40.39
55.75	40.73
55.77	41.22
55.79	41.56
55.82	42.09
55.84	42.42
55.87	42.90
55.89	43.26
55.92	43.80
55.94	44.30
55.97	44.92
55.99	45.38
56.01	45.85
56.04	46.37
56.06	46.93
56.09	47.49
56.11	48.06
56.14	48.50
56.16	48.89
56.19	49.31
56.21	49.60
56.23	49.82
56.26	49.92
56.28	49.94
56.31	49.97
56.33	50.00
56.36	50.00
56.38	50.00
56.41	50.00
56.43	50.00
56.45	50.00
56.48	50.00
56.50	50.00
56.53	50.00
56.55	50.00
56.58	50.00
56.60	50.00
56.62	50.00
56.65	50.00
56.67	50.00
56.70	50.00
56.72	50.00
56.75	50.00
56.77	50.00
56.80	50.00
56.82	50.00
56.84	50.00
56.87	50.00
56.89	50.00
56.92	50.00
56.94	50.00
56.97	50.00
56.99	50.00
57.02	50.00
57.04	50.00
57.06	50.00
57.09	50.00
57.11	50.00
57.14	50.00
57.16	50.00
57.19	50.00
57.21	50.00
57.24	50.00
57.26	50.00
57.28	50.00
57.31	50.00
57.33	50.00
57.36	50.00
57.38	50.00
57.41	50.00
57.43	50.00
57.46	50.00
57.48	50.00
57.50	50.00
57.53	50.00
57.55	50.00
57.58	50.00
57.60	50.00
57.63	50.00
57.65	50.00
57.68	50.00
57.70	50.00
57.72	50.00
57.75	50.00
57.77	50.00
57.80	50.00
57.82	50.00
57.85	50.00
57.87	50.00
57.89	50.00
57.92	50.00
57.94	50.00
57.97	50.00
57.99	50.00
58.02	50.00
58.04	50.00
58.07	50.00
58.09	50.00
58.11	50.00
58.14	50.00
58.16	50.00
58.19	50.00
58.21	50.00
58.24	50.00
58.26	50.00
58.29	50.00
58.31	50.00
58.33	50.00
58.36	50.00
58.38	50.00
58.41	50.00
58.43	50.00
58.46	50.00
58.48	50.00
58.51	50.00
58.53	50.00
58.55	50.00
58.58	50.00
58.60	50.00
58.63	50.00
58.65	50.00
58.68	50.00
58.70	50.00
58.73	50.00
58.75	50.00
58.77	50.00
58.80	50.00
58.82	49.92
58.85	49.92
58.87	49.74
58.90	49.72
58.92	49.51
58.94	49.37
58.97	49.04
58.99	48.90
59.02	48.57
59.04	48.52
59.07	48.11
59.09	47.90
59.12	47.54
59.14	47.43
59.16	47.14
59.19	47.00
59.21	46.70
59.24	46.57
59.26	46.35
59.29	46.24
59.31	46.09
59.34	46.00
59.36	45.88
59.38	45.77
59.41	45.66
59.43	45.58
59.46	45.60
59.48	45.55
59.51	45.55
59.53	45.41
59.56	45.41
59.58	45.38
59.60	45.50
59.63	45.45
59.65	45.56
59.68	45.46
59.70	45.64
59.73	45.63
59.75	45.88
59.78	45.88
59.80	46.19
59.82	46.17
59.85	46.49
59.87	46.51
59.90	46.93
59.92	46.90
59.95	47.03
59.97	46.89
59.99	46.98
