Angulo	11kV	13kV	15kV	17kV	19kV	21kV	23kV	25kV	27kV	29kV	31kV	33kV	35kV	
19.0	19.0	37.0	56.0	88.0	114.0	149.0	162.0	210.0	233.0	275.0	296.0	338.0	358.0
19.1	20.0	36.0	60.0	76.0	109.0	141.0	165.0	197.0	209.0	269.0	318.0	312.0	364.0
19.2	21.0	37.0	62.0	72.0	109.0	138.0	167.0	209.0	224.0	253.0	304.0	339.0	364.0
19.3	22.0	42.0	53.0	73.0	114.0	143.0	174.0	203.0	235.0	263.0	292.0	305.0	365.0
19.4	20.0	38.0	58.0	82.0	125.0	162.0	165.0	200.0	254.0	292.0	313.0	338.0	400.0
19.5	24.0	40.0	62.0	80.0	106.0	155.0	173.0	209.0	259.0	286.0	331.0	0.0	388.0
19.6	23.0	43.0	55.0	74.0	113.0	140.0	167.0	211.0	243.0	282.0	333.0	341.0	391.0
19.7	21.0	33.0	62.0	71.0	116.0	151.0	187.0	205.0	251.0	306.0	307.0	399.0	416.0
19.8	20.0	42.0	77.0	86.0	106.0	156.0	192.0	237.0	267.0	315.0	359.0	384.0	431.0
19.9	29.0	45.0	70.0	99.0	132.0	183.0	224.0	263.0	313.0	374.0	427.0	462.0	545.0
20.0	22.0	49.0	79.0	110.0	155.0	217.0	254.0	335.0	376.0	439.0	497.0	569.0	582.0
20.1	31.0	61.0	127.0	197.0	240.0	323.0	422.0	504.0	597.0	714.0	809.0	877.0	1001.0
20.2	110.0	297.0	598.0	887.0	1239.0	1523.0	2010.0	2250.0	2675.0	3016.0	3410.0	3704.0	3980.0
20.3	182.0	622.0	1141.0	1732.0	2436.0	3051.0	3735.0	4420.0	5011.0	5670.0	6193.0	6832.0	7605.0
20.4	296.0	856.0	1630.0	2520.0	3411.0	4291.0	5111.0	5938.0	6922.0	7911.0	8933.0	9626.0	10390.0
20.5	209.0	690.0	1300.0	1977.0	2734.0	3394.0	4227.0	4997.0	5622.0	6441.0	7323.0	8210.0	8931.0
20.6	51.0	214.0	372.0	568.0	845.0	1065.0	1385.0	1669.0	1937.0	2248.0	2532.0	2897.0	3172.0
20.7	28.0	52.0	81.0	114.0	191.0	236.0	322.0	367.0	419.0	516.0	571.0	664.0	742.0
20.8	17.0	39.0	75.0	103.0	157.0	178.0	222.0	285.0	341.0	392.0	443.0	526.0	547.0
20.9	18.0	33.0	55.0	79.0	134.0	153.0	170.0	225.0	263.0	313.0	359.0	386.0	444.0
21.0	18.0	37.0	48.0	75.0	114.0	133.0	150.0	195.0	0.0	285.0	314.0	325.0	366.0
21.1	12.0	30.0	42.0	71.0	93.0	115.0	143.0	190.0	211.0	249.0	298.0	319.0	343.0
21.2	17.0	30.0	55.0	69.0	86.0	109.0	145.0	166.0	222.0	238.0	271.0	280.0	324.0
21.3	18.0	29.0	44.0	71.0	93.0	118.0	129.0	163.0	190.0	233.0	244.0	286.0	303.0
21.4	11.0	31.0	41.0	48.0	87.0	115.0	148.0	162.0	187.0	223.0	252.0	262.0	305.0
21.5	12.0	29.0	38.0	54.0	93.0	110.0	128.0	165.0	189.0	206.0	232.0	264.0	294.0
21.6	14.0	30.0	42.0	60.0	81.0	115.0	136.0	158.0	173.0	208.0	223.0	264.0	266.0
21.7	16.0	32.0	36.0	63.0	79.0	83.0	111.0	134.0	169.0	204.0	232.0	254.0	298.0
21.8	14.0	30.0	44.0	61.0	77.0	88.0	117.0	156.0	171.0	199.0	220.0	246.0	263.0
21.9	9.0	28.0	35.0	58.0	87.0	95.0	119.0	153.0	154.0	187.0	209.0	253.0	234.0
22.0	17.0	28.0	34.0	53.0	81.0	91.0	118.0	150.0	165.0	184.0	216.0	226.0	244.0
22.1	14.0	28.0	34.0	49.0	70.0	99.0	104.0	126.0	148.0	192.0	196.0	233.0	258.0
22.2	13.0	23.0	34.0	48.0	71.0	100.0	116.0	141.0	150.0	169.0	219.0	240.0	260.0
22.3	16.0	20.0	38.0	47.0	76.0	93.0	126.0	138.0	174.0	183.0	215.0	218.0	254.0
22.4	10.0	28.0	38.0	60.0	70.0	96.0	101.0	125.0	153.0	171.0	215.0	225.0	236.0
22.5	13.0	19.0	30.0	52.0	71.0	77.0	110.0	133.0	149.0	174.0	179.0	211.0	239.0
22.6	13.0	17.0	35.0	53.0	66.0	78.0	98.0	122.0	149.0	174.0	194.0	219.0	225.0
22.7	17.0	21.0	42.0	40.0	66.0	83.0	92.0	117.0	151.0	161.0	188.0	196.0	239.0
22.8	10.0	24.0	29.0	38.0	71.0	82.0	98.0	123.0	148.0	154.0	184.0	212.0	250.0
22.9	15.0	18.0	31.0	45.0	62.0	88.0	94.0	128.0	156.0	152.0	179.0	204.0	221.0
23.0	14.0	17.0	29.0	50.0	67.0	84.0	94.0	119.0	139.0	157.0	175.0	209.0	217.0
23.1	10.0	18.0	23.0	39.0	53.0	69.0	107.0	112.0	139.0	156.0	188.0	203.0	229.0
23.2	13.0	22.0	24.0	51.0	61.0	80.0	104.0	111.0	137.0	156.0	173.0	200.0	224.0
23.3	16.0	20.0	25.0	43.0	66.0	75.0	97.0	102.0	140.0	156.0	165.0	197.0	225.0
23.4	12.0	25.0	27.0	50.0	56.0	69.0	92.0	121.0	124.0	148.0	170.0	172.0	218.0
23.5	11.0	17.0	27.0	41.0	60.0	79.0	92.0	107.0	129.0	165.0	188.0	195.0	234.0
23.6	14.0	17.0	29.0	44.0	52.0	75.0	80.0	118.0	128.0	140.0	169.0	200.0	201.0
23.7	8.0	18.0	30.0	47.0	49.0	69.0	78.0	134.0	122.0	138.0	185.0	182.0	199.0
23.8	11.0	21.0	33.0	48.0	57.0	68.0	102.0	105.0	129.0	138.0	162.0	184.0	188.0
23.9	8.0	21.0	29.0	41.0	58.0	83.0	84.0	115.0	140.0	150.0	168.0	190.0	205.0
24.0	9.0	17.0	23.0	41.0	49.0	67.0	88.0	99.0	115.0	144.0	164.0	185.0	200.0