Angulo	Intensidad
3.0	13886.0
3.1	13612.0
3.2	12683.0
3.3	14384.0
3.4	11616.0
3.5	6878.0
3.6	4942.0
3.7	4287.0
3.8	3908.0
3.9	3675.0
4.0	3375.0
4.1	3032.0
4.2	2865.0
4.3	2399.0
4.4	2039.0
4.5	1731.0
4.6	1460.0
4.7	1315.0
4.8	985.0
4.9	861.0
5.0	695.0
5.1	676.0
5.2	674.0
5.3	656.0
5.4	659.0
5.5	649.0
5.6	672.0
5.7	678.0
5.8	688.0
5.9	719.0
6.0	726.0
6.1	761.0
6.2	791.0
6.3	799.0
6.4	849.0
6.5	842.0
6.6	895.0
6.7	925.0
6.8	977.0
6.9	978.0
7.0	1039.0
7.1	1052.0
7.2	1108.0
7.3	1151.0
7.4	1160.0
7.5	1192.0
7.6	1190.0
7.7	1229.0
7.8	1237.0
7.9	1266.0
8.0	1300.0
8.1	1336.0
8.2	1331.0
8.3	1350.0
8.4	1340.0
8.5	1306.0
8.6	1328.0
8.7	1313.0
8.8	1255.0
8.9	1279.0
9.0	1225.0
9.1	1218.0
9.2	1151.0
9.3	1080.0
9.4	1048.0
9.5	993.0
9.6	932.0
9.7	871.0
9.8	822.0
9.9	817.0
10.0	732.0
10.1	710.0
10.2	684.0
10.3	612.0
10.4	609.0
10.5	543.0
10.6	511.0
10.7	494.0
10.8	426.0
10.9	423.0
11.0	391.0
11.1	401.0
11.2	376.0
11.3	366.0
11.4	366.0
11.5	345.0
11.6	327.0
11.7	335.0
11.8	336.0
11.9	323.0
12.0	344.0
12.1	326.0
12.2	312.0
12.3	323.0
12.4	316.0
12.5	311.0
12.6	297.0
12.7	313.0
12.8	305.0
12.9	310.0
13.0	311.0
13.1	311.0
13.2	323.0
13.3	302.0
13.4	329.0
13.5	301.0
13.6	290.0
13.7	297.0
13.8	294.0
13.9	293.0
14.0	281.0
14.1	275.0
14.2	274.0
14.3	284.0
14.4	292.0
14.5	294.0
14.6	299.0
14.7	283.0
14.8	297.0
14.9	290.0
15.0	294.0
15.1	284.0
15.2	276.0
15.3	275.0
15.4	286.0
15.5	291.0
15.6	291.0
15.7	277.0
15.8	286.0
15.9	287.0
16.0	290.0
16.1	293.0
16.2	270.0
16.3	282.0
16.4	276.0
16.5	263.0
16.6	297.0
16.7	302.0
16.8	281.0
16.9	282.0
17.0	285.0
17.1	297.0
17.2	293.0
17.3	293.0
17.4	287.0
17.5	290.0
17.6	273.0
17.7	273.0
17.8	275.0
17.9	302.0
18.0	271.0
18.1	281.0
18.2	274.0
18.3	287.0
18.4	275.0
18.5	264.0
18.6	288.0
18.7	294.0
18.8	288.0
18.9	281.0
19.0	301.0
19.1	289.0
19.2	270.0
19.3	292.0
19.4	278.0
19.5	300.0
19.6	290.0
19.7	313.0
19.8	297.0
19.9	321.0
20.0	341.0
20.1	441.0
20.2	1216.0
20.3	2476.0
20.4	2597.0
20.5	1488.0
20.6	499.0
20.7	415.0
20.8	391.0
20.9	350.0
21.0	329.0
21.1	352.0
21.2	318.0
21.3	348.0
21.4	338.0
21.5	327.0
21.6	353.0
21.7	349.0
21.8	334.0
21.9	393.0
22.0	422.0
22.1	457.0
22.2	536.0
22.3	648.0
22.4	1835.0
22.5	6869.0
22.6	9509.0
22.7	8856.0
22.8	5627.0
22.9	733.0
23.0	459.0
23.1	375.0
23.2	321.0
23.3	305.0
23.4	273.0
23.5	273.0
23.6	279.0
23.7	266.0
23.8	264.0
23.9	250.0
24.0	251.0
24.1	240.0
24.2	244.0
24.3	230.0
24.4	235.0
24.5	235.0
24.6	237.0
24.7	226.0
24.8	215.0
24.9	227.0
25.0	217.0
25.1	207.0
25.2	228.0
25.3	206.0
25.4	200.0
25.5	207.0
25.6	196.0
25.7	197.0
25.8	186.0
25.9	188.0
26.0	201.0
26.1	206.0
26.2	198.0
26.3	190.0
26.4	184.0
26.5	189.0
26.6	184.0
26.7	184.0
26.8	176.0
26.9	177.0
27.0	180.0
27.1	176.0
27.2	171.0
27.3	167.0
27.4	178.0
27.5	168.0
27.6	165.0
27.7	153.0
27.8	166.0
27.9	160.0
28.0	167.0
28.1	149.0
28.2	167.0
28.3	164.0
28.4	149.0
28.5	158.0
28.6	153.0
28.7	146.0
28.8	144.0
28.9	144.0
29.0	154.0
29.1	140.0
29.2	144.0
29.3	152.0
29.4	138.0
29.5	157.0
29.6	142.0
29.7	138.0
29.8	138.0
29.9	134.0
30.0	142.0
30.1	140.0
30.2	136.0
30.3	134.0
30.4	134.0
30.5	149.0
30.6	139.0
30.7	144.0
30.8	138.0
30.9	129.0
31.0	119.0
31.1	134.0
31.2	122.0
31.3	136.0
31.4	134.0
31.5	134.0
31.6	143.0
31.7	136.0
31.8	136.0
31.9	125.0
32.0	139.0
32.1	128.0
32.2	113.0
32.3	133.0
32.4	125.0
32.5	129.0
32.6	126.0
32.7	142.0
32.8	145.0
32.9	144.0
33.0	156.0
33.1	142.0
33.2	155.0
33.3	149.0
33.4	144.0
33.5	133.0
33.6	133.0
33.7	115.0
33.8	132.0
33.9	125.0
34.0	130.0
34.1	126.0
34.2	114.0
34.3	112.0
34.4	118.0
34.5	102.0
34.6	108.0
34.7	108.0
34.8	105.0
34.9	110.0
35.0	103.0
35.1	107.0
35.2	102.0
35.3	112.0
35.4	110.0
35.5	107.0
35.6	104.0
35.7	95.0
35.8	110.0
35.9	94.0
36.0	99.0
36.1	104.0
36.2	100.0
36.3	104.0
36.4	108.0
36.5	110.0
36.6	107.0
36.7	97.0
36.8	97.0
36.9	96.0
37.0	106.0
37.1	88.0
37.2	101.0
37.3	96.0
37.4	86.0
37.5	103.0
37.6	98.0
37.7	97.0
37.8	97.0
37.9	89.0
38.0	83.0
38.1	94.0
38.2	101.0
38.3	97.0
38.4	94.0
38.5	92.0
38.6	95.0
38.7	97.0
38.8	85.0
38.9	91.0
39.0	92.0
39.1	100.0
39.2	96.0
39.3	90.0
39.4	91.0
39.5	104.0
39.6	89.0
39.7	96.0
39.8	98.0
39.9	110.0
40.0	95.0
40.1	81.0
40.2	92.0
40.3	98.0
40.4	94.0
40.5	99.0
40.6	89.0
40.7	89.0
40.8	91.0
40.9	77.0
41.0	89.0
41.1	85.0
41.2	84.0
41.3	81.0
41.4	94.0
41.5	91.0
41.6	90.0
41.7	80.0
41.8	89.0
41.9	87.0
42.0	85.0
42.1	85.0
42.2	95.0
42.3	93.0
42.4	92.0
42.5	95.0
42.6	84.0
42.7	91.0
42.8	84.0
42.9	90.0
43.0	91.0
43.1	91.0
43.2	106.0
43.3	101.0
43.4	110.0
43.5	106.0
43.6	154.0
43.7	383.0
43.8	455.0
43.9	487.0
44.0	327.0
44.1	157.0
44.2	119.0
44.3	109.0
44.4	111.0
44.5	95.0
44.6	98.0
44.7	95.0
44.8	96.0
44.9	109.0
45.0	95.0
45.1	95.0
45.2	89.0
45.3	88.0
45.4	96.0
45.5	92.0
45.6	89.0
45.7	86.0
45.8	88.0
45.9	94.0
46.0	92.0
46.1	90.0
46.2	90.0
46.3	94.0
46.4	96.0
46.5	88.0
46.6	95.0
46.7	88.0
46.8	95.0
46.9	88.0
47.0	103.0
47.1	86.0
47.2	90.0
47.3	98.0
47.4	93.0
47.5	97.0
47.6	97.0
47.7	94.0
47.8	98.0
47.9	99.0
48.0	111.0
48.1	101.0
48.2	91.0
48.3	105.0
48.4	94.0
48.5	107.0
48.6	104.0
48.7	103.0
48.8	120.0
48.9	131.0
49.0	123.0
49.1	146.0
49.2	135.0
49.3	133.0
49.4	139.0
49.5	149.0
49.6	163.0
49.7	230.0
49.8	552.0
49.9	1365.0
50.0	1826.0
50.1	2182.0
50.2	1476.0
50.3	985.0
50.4	334.0
50.5	178.0
50.6	147.0
50.7	138.0
50.8	125.0
50.9	116.0
51.0	124.0
51.1	108.0
51.2	120.0
51.3	102.0
51.4	100.0
51.5	109.0
51.6	99.0
51.7	92.0
51.8	105.0
51.9	102.0
52.0	110.0
52.1	105.0
52.2	99.0
52.3	99.0
52.4	88.0
52.5	105.0
52.6	93.0
52.7	91.0
52.8	104.0
52.9	93.0
53.0	89.0
53.1	85.0
53.2	84.0
53.3	92.0
53.4	100.0
53.5	95.0
53.6	103.0
53.7	90.0
53.8	99.0
53.9	85.0
54.0	100.0
54.1	107.0
54.2	95.0
54.3	89.0
54.4	91.0
54.5	82.0
54.6	97.0
54.7	100.0
54.8	91.0
54.9	96.0
55.0	97.0
