Angulo	Intensidad
3.0	3687.0
3.1	3403.0
3.2	3065.0
3.3	2786.0
3.4	2512.0
3.5	2203.0
3.6	1943.0
3.7	1650.0
3.8	1457.0
3.9	1260.0
4.0	1078.0
4.1	944.0
4.2	862.0
4.3	795.0
4.4	733.0
4.5	753.0
4.6	746.0
4.7	759.0
4.8	794.0
4.9	806.0
5.0	794.0
5.1	850.0
5.2	831.0
5.3	904.0
5.4	861.0
5.5	923.0
5.6	943.0
5.7	1009.0
5.8	1002.0
5.9	1072.0
6.0	1093.0
6.1	1145.0
6.2	1171.0
6.3	1163.0
6.4	1244.0
6.5	1265.0
6.6	1312.0
6.7	1293.0
6.8	1359.0
6.9	1380.0
7.0	1398.0
7.1	1402.0
7.2	1448.0
7.3	1448.0
7.4	1486.0
7.5	1465.0
7.6	1494.0
7.7	1463.0
7.8	1462.0
7.9	1464.0
8.0	1440.0
8.1	1448.0
8.2	1359.0
8.3	1314.0
8.4	1277.0
8.5	1256.0
8.6	1221.0
8.7	1164.0
8.8	1099.0
8.9	1095.0
9.0	1026.0
9.1	986.0
9.2	932.0
9.3	891.0
9.4	870.0
9.5	818.0
9.6	784.0
9.7	760.0
9.8	787.0
9.9	741.0
10.0	717.0
10.1	693.0
10.2	631.0
10.3	644.0
10.4	630.0
10.5	617.0
10.6	573.0
10.7	612.0
10.8	565.0
10.9	551.0
11.0	583.0
11.1	554.0
11.2	583.0
11.3	549.0
11.4	557.0
11.5	531.0
11.6	516.0
11.7	543.0
11.8	518.0
11.9	530.0
12.0	521.0
12.1	507.0
12.2	486.0
12.3	474.0
12.4	495.0
12.5	479.0
12.6	440.0
12.7	419.0
12.8	415.0
12.9	429.0
13.0	432.0
13.1	426.0
13.2	411.0
13.3	408.0
13.4	404.0
13.5	404.0
13.6	408.0
13.7	431.0
13.8	408.0
13.9	414.0
14.0	416.0
14.1	425.0
14.2	414.0
14.3	415.0
14.4	386.0
14.5	409.0
14.6	390.0
14.7	405.0
14.8	398.0
14.9	388.0
15.0	381.0
15.1	388.0
15.2	373.0
15.3	393.0
15.4	380.0
15.5	372.0
15.6	366.0
15.7	355.0
15.8	360.0
15.9	365.0
16.0	372.0
16.1	386.0
16.2	374.0
16.3	362.0
16.4	346.0
16.5	358.0
16.6	362.0
16.7	334.0
16.8	357.0
16.9	346.0
17.0	377.0
17.1	358.0
17.2	331.0
17.3	334.0
17.4	333.0
17.5	341.0
17.6	357.0
17.7	344.0
17.8	331.0
17.9	351.0
18.0	346.0
18.1	318.0
18.2	315.0
18.3	336.0
18.4	326.0
18.5	313.0
18.6	360.0
18.7	389.0
18.8	476.0
18.9	1166.0
19.0	1565.0
19.1	2523.0
19.2	2587.0
19.3	2031.0
19.4	1165.0
19.5	572.0
19.6	431.0
19.7	408.0
19.8	408.0
19.9	381.0
20.0	362.0
20.1	361.0
20.2	360.0
20.3	388.0
20.4	365.0
20.5	388.0
20.6	369.0
20.7	408.0
20.8	432.0
20.9	495.0
21.0	604.0
21.1	1778.0
21.2	3811.0
21.3	4838.0
21.4	8530.0
21.5	8555.0
21.6	5900.0
21.7	3317.0
21.8	1425.0
21.9	488.0
22.0	402.0
22.1	377.0
22.2	334.0
22.3	312.0
22.4	305.0
22.5	295.0
22.6	287.0
22.7	285.0
22.8	264.0
22.9	262.0
23.0	246.0
23.1	245.0
23.2	265.0
23.3	254.0
23.4	243.0
23.5	241.0
23.6	218.0
23.7	222.0
23.8	236.0
23.9	225.0
24.0	221.0
24.1	231.0
24.2	214.0
24.3	221.0
24.4	218.0
24.5	212.0
24.6	211.0
24.7	202.0
24.8	215.0
24.9	209.0
25.0	197.0
25.1	200.0
25.2	193.0
25.3	184.0
25.4	190.0
25.5	181.0
25.6	184.0
25.7	179.0
25.8	183.0
25.9	189.0
26.0	178.0
26.1	169.0
26.2	175.0
26.3	165.0
26.4	172.0
26.5	172.0
26.6	174.0
26.7	183.0
26.8	162.0
26.9	165.0
27.0	161.0
27.1	169.0
27.2	153.0
27.3	143.0
27.4	163.0
27.5	148.0
27.6	139.0
27.7	155.0
27.8	156.0
27.9	147.0
28.0	136.0
28.1	155.0
28.2	158.0
28.3	152.0
28.4	148.0
28.5	144.0
28.6	148.0
28.7	140.0
28.8	153.0
28.9	135.0
29.0	142.0
29.1	140.0
29.2	130.0
29.3	152.0
29.4	131.0
29.5	124.0
29.6	125.0
29.7	127.0
29.8	122.0
29.9	132.0
30.0	124.0
30.1	141.0
30.2	129.0
30.3	128.0
30.4	127.0
30.5	130.0
30.6	135.0
30.7	137.0
30.8	134.0
30.9	123.0
31.0	118.0
31.1	134.0
31.2	129.0
31.3	129.0
31.4	134.0
31.5	126.0
31.6	130.0
31.7	144.0
31.8	136.0
31.9	142.0
32.0	144.0
32.1	155.0
32.2	159.0
32.3	153.0
32.4	145.0
32.5	135.0
32.6	140.0
32.7	132.0
32.8	131.0
32.9	116.0
33.0	123.0
33.1	127.0
33.2	124.0
33.3	128.0
33.4	128.0
33.5	128.0
33.6	121.0
33.7	113.0
33.8	114.0
33.9	118.0
34.0	103.0
34.1	104.0
34.2	105.0
34.3	104.0
34.4	103.0
34.5	108.0
34.6	107.0
34.7	100.0
34.8	99.0
34.9	86.0
35.0	109.0
35.1	100.0
35.2	98.0
35.3	100.0
35.4	89.0
35.5	104.0
35.6	99.0
35.7	106.0
35.8	104.0
35.9	89.0
36.0	106.0
36.1	102.0
36.2	100.0
36.3	81.0
36.4	101.0
36.5	101.0
36.6	90.0
36.7	96.0
36.8	89.0
36.9	94.0
37.0	89.0
37.1	103.0
37.2	102.0
37.3	89.0
37.4	93.0
37.5	99.0
37.6	94.0
37.7	92.0
37.8	94.0
37.9	92.0
38.0	95.0
38.1	95.0
38.2	87.0
38.3	89.0
38.4	94.0
38.5	99.0
38.6	97.0
38.7	110.0
38.8	100.0
38.9	94.0
39.0	84.0
39.1	91.0
39.2	92.0
39.3	94.0
39.4	99.0
39.5	99.0
39.6	89.0
39.7	87.0
39.8	84.0
39.9	89.0
40.0	90.0
40.1	91.0
40.2	96.0
40.3	84.0
40.4	86.0
40.5	88.0
40.6	85.0
40.7	84.0
40.8	83.0
40.9	88.0
41.0	93.0
41.1	86.0
41.2	89.0
41.3	83.0
41.4	72.0
41.5	83.0
41.6	96.0
41.7	83.0
41.8	83.0
41.9	91.0
42.0	96.0
42.1	100.0
42.2	112.0
42.3	151.0
42.4	210.0
42.5	301.0
42.6	412.0
42.7	474.0
42.8	364.0
42.9	236.0
43.0	153.0
43.1	125.0
43.2	106.0
43.3	90.0
43.4	112.0
43.5	105.0
43.6	95.0
43.7	96.0
43.8	95.0
43.9	93.0
44.0	93.0
44.1	90.0
44.2	103.0
44.3	93.0
44.4	98.0
44.5	95.0
44.6	94.0
44.7	98.0
44.8	91.0
44.9	100.0
45.0	85.0
45.1	86.0
45.2	79.0
45.3	83.0
45.4	96.0
45.5	97.0
45.6	92.0
45.7	97.0
45.8	90.0
45.9	97.0
46.0	104.0
46.1	97.0
46.2	80.0
46.3	97.0
46.4	96.0
46.5	104.0
46.6	87.0
46.7	95.0
46.8	99.0
46.9	93.0
47.0	99.0
47.1	100.0
47.2	105.0
47.3	101.0
47.4	106.0
47.5	116.0
47.6	121.0
47.7	121.0
47.8	117.0
47.9	127.0
48.0	135.0
48.1	131.0
48.2	124.0
48.3	145.0
48.4	185.0
48.5	338.0
48.6	546.0
48.7	1079.0
48.8	1718.0
48.9	1970.0
49.0	1717.0
49.1	1449.0
49.2	659.0
49.3	356.0
49.4	177.0
49.5	158.0
49.6	138.0
49.7	123.0
49.8	119.0
49.9	113.0
50.0	115.0
50.1	110.0
50.2	109.0
50.3	114.0
50.4	103.0
50.5	106.0
50.6	102.0
50.7	109.0
50.8	110.0
50.9	96.0
51.0	107.0
51.1	87.0
51.2	97.0
51.3	98.0
51.4	100.0
51.5	98.0
51.6	101.0
51.7	98.0
51.8	95.0
51.9	84.0
52.0	96.0
52.1	105.0
52.2	85.0
52.3	98.0
52.4	97.0
52.5	91.0
52.6	98.0
52.7	98.0
52.8	92.0
52.9	84.0
53.0	102.0
53.1	103.0
53.2	94.0
53.3	92.0
53.4	87.0
53.5	92.0
53.6	87.0
53.7	89.0
53.8	95.0
53.9	94.0
54.0	95.0
54.1	99.0
54.2	90.0
54.3	98.0
54.4	85.0
54.5	87.0
54.6	100.0
54.7	96.0
54.8	101.0
54.9	89.0
55.0	93.0
