Angulo	0.1mA
19.0	23.0
19.1	29.0
19.2	33.0
19.3	23.0
19.4	30.0
19.5	23.0
19.6	32.0
19.7	22.0
19.8	30.0
19.9	29.0
20.0	27.0
20.1	41.0
20.2	71.0
20.3	203.0
20.4	301.0
20.5	249.0
20.6	73.0
20.7	43.0
20.8	36.0
20.9	38.0
21.0	29.0
21.1	33.0
21.2	28.0
21.3	31.0
21.4	28.0
21.5	26.0
21.6	22.0
21.7	30.0
21.8	29.0
21.9	32.0
22.0	32.0
22.1	38.0
22.2	43.0
22.3	57.0
22.4	114.0
22.5	527.0
22.6	1236.0
22.7	1235.0
22.8	1082.0
22.9	159.0
23.0	58.0
23.1	36.0
23.2	31.0
23.3	28.0
23.4	26.0
23.5	28.0
23.6	20.0
23.7	20.0
23.8	28.0
23.9	21.0
24.0	23.0
