Angulo	0.2mA
19.0	61.0
19.1	55.0
19.2	59.0
19.3	55.0
19.4	59.0
19.5	58.0
19.6	55.0
19.7	59.0
19.8	61.0
19.9	63.0
20.0	65.0
20.1	89.0
20.2	152.0
20.3	398.0
20.4	637.0
20.5	524.0
20.6	153.0
20.7	76.0
20.8	83.0
20.9	71.0
21.0	67.0
21.1	71.0
21.2	63.0
21.3	71.0
21.4	65.0
21.5	75.0
21.6	75.0
21.7	71.0
21.8	68.0
21.9	70.0
22.0	77.0
22.1	80.0
22.2	117.0
22.3	108.0
22.4	211.0
22.5	1005.0
22.6	2485.0
22.7	2467.0
22.8	2153.0
22.9	354.0
23.0	107.0
23.1	94.0
23.2	74.0
23.3	76.0
23.4	60.0
23.5	58.0
23.6	53.0
23.7	51.0
23.8	51.0
23.9	45.0
24.0	48.0
