Angulo	0.3mA
19.0	98.0
19.1	89.0
19.2	98.0
19.3	95.0
19.4	95.0
19.5	81.0
19.6	84.0
19.7	85.0
19.8	103.0
19.9	92.0
20.0	88.0
20.1	117.0
20.2	223.0
20.3	623.0
20.4	934.0
20.5	795.0
20.6	251.0
20.7	136.0
20.8	118.0
20.9	108.0
21.0	115.0
21.1	110.0
21.2	104.0
21.3	110.0
21.4	99.0
21.5	99.0
21.6	103.0
21.7	128.0
21.8	100.0
21.9	108.0
22.0	116.0
22.1	127.0
22.2	140.0
22.3	189.0
22.4	308.0
22.5	1444.0
22.6	3461.0
22.7	3489.0
22.8	3152.0
22.9	570.0
23.0	171.0
23.1	130.0
23.2	94.0
23.3	99.0
23.4	85.0
23.5	85.0
23.6	91.0
23.7	81.0
23.8	80.0
23.9	64.0
24.0	66.0
