Angulo	0.4mA
19.0	116.0
19.1	107.0
19.2	116.0
19.3	104.0
19.4	106.0
19.5	99.0
19.6	122.0
19.7	109.0
19.8	119.0
19.9	117.0
20.0	130.0
20.1	159.0
20.2	262.0
20.3	771.0
20.4	1225.0
20.5	1016.0
20.6	305.0
20.7	175.0
20.8	156.0
20.9	154.0
21.0	161.0
21.1	148.0
21.2	129.0
21.3	137.0
21.4	124.0
21.5	143.0
21.6	139.0
21.7	145.0
21.8	146.0
21.9	135.0
22.0	163.0
22.1	177.0
22.2	192.0
22.3	219.0
22.4	414.0
22.5	1792.0
22.6	4376.0
22.7	4441.0
22.8	4022.0
22.9	793.0
23.0	229.0
23.1	178.0
23.2	133.0
23.3	140.0
23.4	120.0
23.5	118.0
23.6	102.0
23.7	103.0
23.8	114.0
23.9	117.0
24.0	99.0
