Angulo	0.5mA
19.0	146.0
19.1	151.0
19.2	162.0
19.3	148.0
19.4	159.0
19.5	148.0
19.6	151.0
19.7	153.0
19.8	146.0
19.9	153.0
20.0	174.0
20.1	197.0
20.2	337.0
20.3	939.0
20.4	1530.0
20.5	1307.0
20.6	403.0
20.7	225.0
20.8	223.0
20.9	202.0
21.0	180.0
21.1	185.0
21.2	170.0
21.3	161.0
21.4	167.0
21.5	183.0
21.6	182.0
21.7	195.0
21.8	189.0
21.9	188.0
22.0	207.0
22.1	211.0
22.2	233.0
22.3	285.0
22.4	520.0
22.5	2169.0
22.6	5206.0
22.7	5306.0
22.8	4805.0
22.9	997.0
23.0	292.0
23.1	215.0
23.2	196.0
23.3	169.0
23.4	155.0
23.5	149.0
23.6	138.0
23.7	137.0
23.8	145.0
23.9	140.0
24.0	123.0
