Angulo	0.6mA
19.0	166.0
19.1	191.0
19.2	164.0
19.3	181.0
19.4	178.0
19.5	184.0
19.6	166.0
19.7	192.0
19.8	170.0
19.9	187.0
20.0	219.0
20.1	214.0
20.2	377.0
20.3	1069.0
20.4	1823.0
20.5	1550.0
20.6	496.0
20.7	267.0
20.8	251.0
20.9	226.0
21.0	228.0
21.1	215.0
21.2	236.0
21.3	201.0
21.4	194.0
21.5	196.0
21.6	227.0
21.7	218.0
21.8	213.0
21.9	228.0
22.0	235.0
22.1	271.0
22.2	292.0
22.3	349.0
22.4	606.0
22.5	2536.0
22.6	5940.0
22.7	6131.0
22.8	5608.0
22.9	1214.0
23.0	352.0
23.1	267.0
23.2	210.0
23.3	194.0
23.4	181.0
23.5	188.0
23.6	165.0
23.7	178.0
23.8	168.0
23.9	159.0
24.0	161.0
