Angulo	0.7mA
19.0	229.0
19.1	192.0
19.2	204.0
19.3	199.0
19.4	233.0
19.5	220.0
19.6	234.0
19.7	219.0
19.8	208.0
19.9	214.0
20.0	225.0
20.1	252.0
20.2	466.0
20.3	1266.0
20.4	2082.0
20.5	1740.0
20.6	593.0
20.7	301.0
20.8	293.0
20.9	257.0
21.0	242.0
21.1	235.0
21.2	267.0
21.3	241.0
21.4	229.0
21.5	241.0
21.6	245.0
21.7	264.0
21.8	254.0
21.9	268.0
22.0	305.0
22.1	311.0
22.2	355.0
22.3	389.0
22.4	688.0
22.5	2843.0
22.6	6741.0
22.7	6954.0
22.8	6346.0
22.9	1415.0
23.0	393.0
23.1	290.0
23.2	258.0
23.3	210.0
23.4	212.0
23.5	204.0
23.6	204.0
23.7	184.0
23.8	198.0
23.9	188.0
24.0	187.0
