Angulo	0.8mA
19.0	243.0
19.1	239.0
19.2	252.0
19.3	246.0
19.4	221.0
19.5	236.0
19.6	257.0
19.7	233.0
19.8	248.0
19.9	260.0
20.0	275.0
20.1	308.0
20.2	515.0
20.3	1385.0
20.4	2289.0
20.5	1922.0
20.6	685.0
20.7	368.0
20.8	322.0
20.9	322.0
21.0	263.0
21.1	275.0
21.2	281.0
21.3	0.0
21.4	267.0
21.5	261.0
21.6	281.0
21.7	308.0
21.8	264.0
21.9	322.0
22.0	335.0
22.1	353.0
22.2	401.0
22.3	470.0
22.4	808.0
22.5	3147.0
22.6	7531.0
22.7	7771.0
22.8	7142.0
22.9	1598.0
23.0	463.0
23.1	347.0
23.2	306.0
23.3	270.0
23.4	246.0
23.5	223.0
23.6	238.0
23.7	228.0
23.8	217.0
23.9	215.0
24.0	193.0
