Angulo	0.9mA
19.0	265.0
19.1	271.0
19.2	281.0
19.3	263.0
19.4	278.0
19.5	267.0
19.6	263.0
19.7	259.0
19.8	303.0
19.9	298.0
20.0	290.0
20.1	353.0
20.2	622.0
20.3	1572.0
20.4	2503.0
20.5	2173.0
20.6	720.0
20.7	415.0
20.8	387.0
20.9	319.0
21.0	311.0
21.1	322.0
21.2	333.0
21.3	298.0
21.4	329.0
21.5	323.0
21.6	336.0
21.7	327.0
21.8	338.0
21.9	347.0
22.0	361.0
22.1	391.0
22.2	462.0
22.3	526.0
22.4	855.0
22.5	3428.0
22.6	8500.0
22.7	8719.0
22.8	7982.0
22.9	1723.0
23.0	527.0
23.1	382.0
23.2	323.0
23.3	270.0
23.4	267.0
23.5	269.0
23.6	268.0
23.7	268.0
23.8	252.0
23.9	228.0
24.0	235.0
