Angulo	1mA
19.0	302.0
19.1	300.0
19.2	280.0
19.3	299.0
19.4	296.0
19.5	308.0
19.6	298.0
19.7	317.0
19.8	304.0
19.9	323.0
20.0	334.0
20.1	396.0
20.2	684.0
20.3	1822.0
20.4	2737.0
20.5	2347.0
20.6	779.0
20.7	438.0
20.8	408.0
20.9	392.0
21.0	375.0
21.1	372.0
21.2	345.0
21.3	368.0
21.4	343.0
21.5	348.0
21.6	363.0
21.7	362.0
21.8	342.0
21.9	384.0
22.0	411.0
22.1	421.0
22.2	486.0
22.3	566.0
22.4	987.0
22.5	3946.0
22.6	9067.0
22.7	9277.0
22.8	8650.0
22.9	1824.0
23.0	545.0
23.1	436.0
23.2	362.0
23.3	341.0
23.4	313.0
23.5	297.0
23.6	266.0
23.7	265.0
23.8	269.0
23.9	256.0
24.0	258.0
