U1	I
0.02	0.54
0.04	0.61
0.07	0.66
0.09	0.67
0.12	0.73
0.14	0.73
0.17	0.76
0.19	0.75
0.21	0.71
0.24	0.70
0.26	0.69
0.29	0.72
0.31	0.72
0.34	0.72
0.36	0.59
0.39	0.60
0.41	0.53
0.43	0.66
0.46	0.60
0.48	0.68
0.51	0.56
0.53	0.66
0.56	0.59
0.58	0.77
0.61	0.67
0.63	0.78
0.65	0.58
0.68	0.71
0.70	0.62
0.73	0.78
0.75	0.60
0.78	0.73
0.80	0.55
0.83	0.72
0.85	0.59
0.87	0.75
0.90	0.56
0.92	0.72
0.95	0.54
0.97	0.76
1.00	0.60
1.02	0.76
1.05	0.59
1.07	0.77
1.09	0.59
1.12	0.77
1.14	0.55
1.17	0.74
1.19	0.56
1.22	0.75
1.24	0.60
1.26	0.78
1.29	0.61
1.31	0.79
1.34	0.60
1.36	0.75
1.39	0.60
1.41	0.74
1.44	0.61
1.46	0.73
1.48	0.55
1.51	0.68
1.53	0.58
1.56	0.72
1.58	0.65
1.61	0.71
1.63	0.58
1.66	0.69
1.68	0.64
1.70	0.75
1.73	0.69
1.75	0.70
1.78	0.65
1.80	0.73
1.83	0.74
1.85	0.79
1.88	0.73
1.90	0.70
1.92	0.65
1.95	0.65
1.97	0.71
2.00	0.68
2.02	0.70
2.05	0.66
2.07	0.66
2.10	0.64
2.12	0.74
2.14	0.69
2.17	0.78
2.19	0.65
2.22	0.74
2.24	0.64
2.27	0.76
2.29	0.65
2.31	0.79
2.34	0.60
2.36	0.73
2.39	0.58
2.41	0.81
2.44	0.73
2.46	0.84
2.49	0.61
2.51	0.79
2.53	0.63
2.56	0.82
2.58	0.62
2.61	0.74
2.63	0.57
2.66	0.74
2.68	0.60
2.71	0.79
2.73	0.61
2.75	0.78
2.78	0.60
2.80	0.78
2.83	0.61
2.85	0.79
2.88	0.60
2.90	0.78
2.93	0.60
2.95	0.77
2.97	0.62
3.00	0.77
3.02	0.58
3.05	0.76
3.07	0.61
3.10	0.79
3.12	0.65
3.15	0.76
3.17	0.62
3.19	0.74
3.22	0.61
3.24	0.79
3.27	0.65
3.29	0.73
3.32	0.59
3.34	0.69
3.36	0.63
3.39	0.73
3.41	0.62
3.44	0.65
3.46	0.58
3.49	0.67
3.51	0.67
3.54	0.73
3.56	0.67
3.58	0.67
3.61	0.65
3.63	0.68
3.66	0.71
3.68	0.71
3.71	0.72
3.73	0.67
3.76	0.68
3.78	0.68
3.80	0.77
3.83	0.74
3.85	0.80
3.88	0.68
3.90	0.75
3.93	0.68
3.95	0.78
3.98	0.69
4.00	0.76
4.02	0.62
4.05	0.72
4.07	0.62
4.10	0.75
4.12	0.62
4.15	0.71
4.17	0.56
4.20	0.69
4.22	0.59
4.24	0.79
4.27	0.61
4.29	0.77
4.32	0.61
4.34	0.77
4.37	0.62
4.39	0.78
4.42	0.56
4.44	0.74
4.46	0.55
4.49	0.73
4.51	0.55
4.54	0.73
4.56	0.56
4.59	0.76
4.61	0.60
4.63	0.79
4.66	0.60
4.68	0.78
4.71	0.64
4.73	0.78
4.76	0.60
4.78	0.77
4.81	0.60
4.83	0.78
4.85	0.59
4.88	0.71
4.90	0.62
4.93	0.79
4.95	0.66
4.98	0.80
5.00	0.62
5.03	0.76
5.05	0.66
5.07	0.79
5.10	0.70
5.12	0.74
5.15	0.63
5.17	0.73
5.20	0.67
5.22	0.76
5.25	0.71
5.27	0.71
5.29	0.66
5.32	0.70
5.34	0.70
5.37	0.75
5.39	0.74
5.42	0.68
5.44	0.68
5.47	0.66
5.49	0.72
5.51	0.74
5.54	0.75
5.56	0.65
5.59	0.67
5.61	0.58
5.64	0.71
5.66	0.68
5.68	0.77
5.71	0.65
5.73	0.72
5.76	0.64
5.78	0.83
5.81	0.71
5.83	0.82
5.86	0.61
5.88	0.77
5.90	0.66
5.93	0.85
5.95	0.67
5.98	0.80
6.00	0.60
6.03	0.76
6.05	0.60
6.08	0.79
6.10	0.63
6.12	0.79
6.15	0.63
6.17	0.84
6.20	0.68
6.22	0.84
6.25	0.65
6.27	0.82
6.30	0.65
6.32	0.81
6.34	0.59
6.37	0.78
6.39	0.64
6.42	0.83
6.44	0.67
6.47	0.87
6.49	0.71
6.52	0.87
6.54	0.70
6.56	0.82
6.59	0.68
6.61	0.84
6.64	0.71
6.66	0.82
6.69	0.66
6.71	0.78
6.73	0.69
6.76	0.84
6.78	0.72
6.81	0.77
6.83	0.69
6.86	0.80
6.88	0.76
6.91	0.85
6.93	0.77
6.95	0.80
6.98	0.73
7.00	0.79
7.03	0.77
7.05	0.78
7.08	0.76
7.10	0.76
7.13	0.75
7.15	0.78
7.17	0.84
7.20	0.85
7.22	0.89
7.25	0.81
7.27	0.83
7.30	0.76
7.32	0.86
7.35	0.80
7.37	0.89
7.39	0.76
7.42	0.83
7.44	0.75
7.47	0.91
7.49	0.81
7.52	0.91
7.54	0.75
7.57	0.92
7.59	0.79
7.61	0.95
7.64	0.82
7.66	0.95
7.69	0.76
7.71	0.93
7.74	0.78
7.76	0.98
7.78	0.80
7.81	0.97
7.83	0.83
7.86	1.06
7.88	0.88
7.91	1.04
7.93	0.89
7.96	1.07
7.98	0.88
8.00	1.06
8.03	0.82
8.05	1.01
8.08	0.84
8.10	1.00
8.13	0.82
8.15	1.02
8.18	0.81
8.20	1.02
8.22	0.87
8.25	1.03
8.27	0.88
8.30	1.13
8.32	0.97
8.35	1.11
8.37	0.94
8.40	1.05
8.42	0.94
8.44	1.12
8.47	0.95
8.49	1.04
8.52	0.91
8.54	1.01
8.57	0.97
8.59	1.08
8.62	0.98
8.64	1.04
8.66	0.97
8.69	1.06
8.71	1.07
8.74	1.12
8.76	1.08
8.79	1.06
8.81	1.02
8.84	1.04
8.86	1.04
8.88	1.05
8.91	1.05
8.93	1.00
8.96	1.02
8.98	1.01
9.01	1.09
9.03	1.13
9.05	1.16
9.08	1.06
9.10	1.10
9.13	1.06
9.15	1.21
9.18	1.13
9.20	1.22
9.23	1.07
9.25	1.17
9.27	1.07
9.30	1.27
9.32	1.12
9.35	1.27
9.37	1.05
9.40	1.21
9.42	1.09
9.45	1.28
9.47	1.09
9.49	1.25
9.52	1.03
9.54	1.26
9.57	1.12
9.59	1.29
9.62	1.15
9.64	1.33
9.67	1.15
9.69	1.34
9.71	1.18
9.74	1.34
9.76	1.18
9.79	1.34
9.81	1.13
9.84	1.30
9.86	1.14
9.89	1.31
9.91	1.14
9.93	1.32
9.96	1.15
9.98	1.33
10.01	1.21
10.03	1.37
10.06	1.18
10.08	1.35
10.10	1.20
10.13	1.38
10.15	1.27
10.18	1.36
10.20	1.19
10.23	1.31
10.25	1.20
10.28	1.35
10.30	1.25
10.32	1.32
10.35	1.23
10.37	1.35
10.40	1.31
10.42	1.43
10.45	1.35
10.47	1.35
10.50	1.31
10.52	1.37
10.54	1.36
10.57	1.40
10.59	1.37
10.62	1.35
10.64	1.36
10.67	1.36
10.69	1.40
10.72	1.40
10.74	1.46
10.76	1.39
10.79	1.42
10.81	1.38
10.84	1.49
10.86	1.46
10.89	1.54
10.91	1.37
10.94	1.47
10.96	1.37
10.98	1.51
11.01	1.43
11.03	1.56
11.06	1.37
11.08	1.50
11.11	1.41
11.13	1.64
11.15	1.51
11.18	1.62
11.20	1.40
11.23	1.63
11.25	1.52
11.28	1.66
11.30	1.48
11.33	1.64
11.35	1.48
11.37	1.68
11.40	1.51
11.42	1.71
11.45	1.50
11.47	1.70
11.50	1.53
11.52	1.71
11.55	1.53
11.57	1.71
11.59	1.52
11.62	1.74
11.64	1.54
11.67	1.74
11.69	1.59
11.72	1.77
11.74	1.61
11.77	1.76
11.79	1.63
11.81	1.84
11.84	1.69
11.86	1.83
11.89	1.67
11.91	1.81
11.94	1.74
11.96	1.90
11.99	1.73
12.01	1.82
12.03	1.68
12.06	1.80
12.08	1.75
12.11	1.85
12.13	1.80
12.16	1.88
12.18	1.80
12.21	1.90
12.23	1.92
12.25	2.00
12.28	1.96
12.30	1.94
12.33	1.91
12.35	1.95
12.38	1.97
12.40	1.97
12.42	1.96
12.45	1.91
12.47	1.92
12.50	1.93
12.52	2.01
12.55	2.01
12.57	2.07
12.60	1.98
12.62	2.02
12.64	1.94
12.67	2.03
12.69	1.97
12.72	2.09
12.74	1.91
12.77	2.03
12.79	1.97
12.82	2.17
12.84	2.06
12.86	2.19
12.89	1.99
12.91	2.17
12.94	2.03
12.96	2.20
12.99	2.05
13.01	2.21
13.04	2.02
13.06	2.26
13.08	2.12
13.11	2.30
13.13	2.12
13.16	2.29
13.18	2.11
13.21	2.28
13.23	2.07
13.26	2.26
13.28	2.12
13.30	2.34
13.33	2.14
13.35	2.35
13.38	2.17
13.40	2.35
13.43	2.19
13.45	2.34
13.47	2.16
13.50	2.35
13.52	2.19
13.55	2.37
13.57	2.19
13.60	2.34
13.62	2.24
13.65	2.41
13.67	2.28
13.69	2.39
13.72	2.23
13.74	2.35
13.77	2.25
13.79	2.38
13.82	2.30
13.84	2.35
13.87	2.25
13.89	2.37
13.91	2.35
13.94	2.44
13.96	2.39
13.99	2.39
14.01	2.37
14.04	2.42
14.06	2.38
14.09	2.43
14.11	2.43
14.13	2.36
14.16	2.37
14.18	2.35
14.21	2.42
14.23	2.44
14.26	2.45
14.28	2.38
14.31	2.41
14.33	2.34
14.35	2.47
14.38	2.43
14.40	2.52
14.43	2.42
14.45	2.50
14.48	2.40
14.50	2.56
14.52	2.44
14.55	2.50
14.57	2.32
14.60	2.42
14.62	2.31
14.65	2.49
14.67	2.35
14.70	2.51
14.72	2.37
14.74	2.54
14.77	2.42
14.79	2.63
14.82	2.48
14.84	2.63
14.87	2.45
14.89	2.61
14.92	2.45
14.94	2.62
14.96	2.43
14.99	2.62
15.01	2.46
15.04	2.64
15.06	2.47
15.09	2.64
15.11	2.47
15.14	2.65
15.16	2.48
15.18	2.66
15.21	2.51
15.23	2.71
15.26	2.56
15.28	2.74
15.31	2.59
15.33	2.74
15.36	2.62
15.38	2.75
15.40	2.59
15.43	2.72
15.45	2.64
15.48	2.81
15.50	2.71
15.53	2.79
15.55	2.69
15.57	2.80
15.60	2.74
15.62	2.86
15.65	2.78
15.67	2.82
15.70	2.74
15.72	2.81
15.75	2.82
15.77	2.89
15.79	2.84
15.82	2.85
15.84	2.84
15.87	2.87
15.89	2.95
15.92	2.97
15.94	3.02
15.97	2.97
15.99	2.98
16.01	2.97
16.04	3.07
16.06	3.02
16.09	3.12
16.11	3.00
16.14	3.07
16.16	3.02
16.19	3.19
16.21	3.13
16.23	3.24
16.26	3.06
16.28	3.21
16.31	3.12
16.33	3.31
16.36	3.20
16.38	3.32
16.41	3.18
16.43	3.41
16.45	3.29
16.48	3.48
16.50	3.33
16.53	3.51
16.55	3.39
16.58	3.62
16.60	3.46
16.63	3.67
16.65	3.50
16.67	3.70
16.70	3.50
16.72	3.68
16.75	3.50
16.77	3.69
16.80	3.50
16.82	3.73
16.84	3.56
16.87	3.80
16.89	3.69
16.92	3.88
16.94	3.75
16.97	3.96
16.99	3.81
17.02	4.05
17.04	3.93
17.06	4.05
17.09	3.91
17.11	4.05
17.14	3.95
17.16	4.12
17.19	4.01
17.21	4.12
17.24	3.99
17.26	4.11
17.28	4.06
17.31	4.21
17.33	4.15
17.36	4.23
17.38	4.17
17.41	4.29
17.43	4.32
17.46	4.40
17.48	4.35
17.50	4.36
17.53	4.32
17.55	4.36
17.58	4.37
17.60	4.40
17.63	4.45
17.65	4.41
17.68	4.42
17.70	4.39
17.72	4.48
17.75	4.52
17.77	4.59
17.80	4.47
17.82	4.54
17.85	4.47
17.87	4.60
17.89	4.54
17.92	4.62
17.94	4.47
17.97	4.59
17.99	4.50
18.02	4.70
18.04	4.60
18.07	4.71
18.09	4.55
18.11	4.69
18.14	4.53
18.16	4.72
18.19	4.55
18.21	4.68
18.24	4.51
18.26	4.65
18.29	4.51
18.31	4.71
18.33	4.51
18.36	4.70
18.38	4.54
18.41	4.73
18.43	4.55
18.46	4.75
18.48	4.60
18.51	4.78
18.53	4.58
18.55	4.73
18.58	4.50
18.60	4.68
18.63	4.49
18.65	4.61
18.68	4.43
18.70	4.58
18.73	4.43
18.75	4.60
18.77	4.40
18.80	4.52
18.82	4.40
18.85	4.59
18.87	4.48
18.90	4.59
18.92	4.43
18.94	4.58
18.97	4.49
18.99	4.62
19.02	4.51
19.04	4.53
19.07	4.40
19.09	4.53
19.12	4.50
19.14	4.58
19.16	4.52
19.19	4.50
19.21	4.50
19.24	4.56
19.26	4.55
19.29	4.58
19.31	4.52
19.34	4.46
19.36	4.46
19.38	4.42
19.41	4.48
19.43	4.45
19.46	4.47
19.48	4.43
19.51	4.48
19.53	4.42
19.56	4.56
19.58	4.49
19.60	4.60
19.63	4.48
19.65	4.56
19.68	4.47
19.70	4.61
19.73	4.48
19.75	4.63
19.78	4.45
19.80	4.59
19.82	4.50
19.85	4.71
19.87	4.60
19.90	4.75
19.92	4.54
19.95	4.73
19.97	4.61
19.99	4.76
20.02	4.55
20.04	4.71
20.07	4.54
20.09	4.77
20.12	4.63
20.14	4.79
20.17	4.63
20.19	4.83
20.21	4.67
20.24	4.86
20.26	4.68
20.29	4.89
20.31	4.76
20.34	4.98
20.36	4.84
20.39	5.07
20.41	4.94
20.43	5.14
20.46	4.96
20.48	5.13
20.51	4.99
20.53	5.19
20.56	5.08
20.58	5.24
20.61	5.08
20.63	5.23
20.65	5.15
20.68	5.37
20.70	5.26
20.73	5.36
20.75	5.26
20.78	5.40
20.80	5.38
20.83	5.54
20.85	5.47
20.87	5.54
20.90	5.49
20.92	5.60
20.95	5.66
20.97	5.75
21.00	5.72
21.02	5.75
21.05	5.76
21.07	5.85
21.09	5.95
21.12	5.99
21.14	6.05
21.17	6.04
21.19	6.13
21.22	6.15
21.24	6.29
21.26	6.27
21.29	6.42
21.31	6.34
21.34	6.46
21.36	6.38
21.39	6.60
21.41	6.57
21.44	6.77
21.46	6.64
21.48	6.83
21.51	6.77
21.53	7.02
21.56	6.92
21.58	7.05
21.61	6.86
21.63	7.04
21.66	6.92
21.68	7.16
21.70	7.03
21.73	7.21
21.75	7.11
21.78	7.37
21.80	7.30
21.83	7.55
21.85	7.44
21.88	7.67
21.90	7.55
21.92	7.77
21.95	7.63
21.97	7.82
22.00	7.69
22.02	7.91
22.05	7.75
22.07	7.98
22.10	7.85
22.12	8.04
22.14	7.97
22.17	8.16
22.19	8.01
22.22	8.25
22.24	8.10
22.27	8.26
22.29	8.10
22.31	8.23
22.34	8.13
22.36	8.34
22.39	8.23
22.41	8.35
22.44	8.24
22.46	8.39
22.49	8.36
22.51	8.49
22.53	8.39
22.56	8.44
22.58	8.37
22.61	8.46
22.63	8.42
22.66	8.47
22.68	8.42
22.71	8.42
22.73	8.39
22.75	8.42
22.78	8.43
22.80	8.47
22.83	8.48
22.85	8.43
22.88	8.46
22.90	8.40
22.93	8.48
22.95	8.48
22.97	8.50
23.00	8.37
23.02	8.36
23.05	8.23
23.07	8.35
23.10	8.24
23.12	8.32
23.15	8.16
23.17	8.26
23.19	8.20
23.22	8.37
23.24	8.24
23.27	8.36
23.29	8.16
23.32	8.29
23.34	8.12
23.36	8.25
23.39	8.08
23.41	8.23
23.44	7.98
23.46	8.13
23.49	7.94
23.51	8.10
23.54	7.90
23.56	8.02
23.58	7.78
23.61	7.98
23.63	7.81
23.66	7.99
23.68	7.77
23.71	7.94
23.73	7.76
23.76	7.96
23.78	7.74
23.80	7.87
23.83	7.65
23.85	7.82
23.88	7.63
23.90	7.81
23.93	7.63
23.95	7.77
23.98	7.59
24.00	7.75
24.02	7.62
24.05	7.79
24.07	7.64
24.10	7.72
24.12	7.56
24.15	7.67
24.17	7.52
24.20	7.64
24.22	7.50
24.24	7.55
24.27	7.46
24.29	7.55
24.32	7.49
24.34	7.61
24.37	7.55
24.39	7.56
24.42	7.52
24.44	7.57
24.46	7.57
24.49	7.63
24.51	7.61
24.54	7.57
24.56	7.58
24.59	7.58
24.61	7.65
24.63	7.67
24.66	7.70
24.68	7.66
24.71	7.70
24.73	7.67
24.76	7.82
24.78	7.78
24.81	7.88
24.83	7.76
24.85	7.87
24.88	7.81
24.90	7.99
24.93	7.90
24.95	8.07
24.98	7.95
25.00	8.17
25.03	8.07
25.05	8.29
25.07	8.20
25.10	8.40
25.12	8.20
25.15	8.40
25.17	8.25
25.20	8.48
25.22	8.35
25.25	8.52
25.27	8.36
25.29	8.62
25.32	8.51
25.34	8.75
25.37	8.63
25.39	8.88
25.42	8.73
25.44	8.95
25.47	8.83
25.49	9.04
25.51	8.94
25.54	9.18
25.56	9.03
25.59	9.31
25.61	9.26
25.64	9.48
25.66	9.38
25.68	9.59
25.71	9.52
25.73	9.83
25.76	9.76
25.78	9.91
25.81	9.81
25.83	9.98
25.86	9.95
25.88	10.16
25.90	10.10
25.93	10.21
25.95	10.20
25.98	10.39
26.00	10.47
26.03	10.62
26.05	10.64
26.08	10.77
26.10	10.82
26.12	10.96
26.15	11.05
26.17	11.16
26.20	11.25
26.22	11.32
26.25	11.35
26.27	11.44
26.30	11.59
26.32	11.68
26.34	11.83
26.37	11.84
26.39	11.95
26.42	12.00
26.44	12.20
26.47	12.23
26.49	12.41
26.52	12.35
26.54	12.50
26.56	12.46
26.59	12.70
26.61	12.68
26.64	12.89
26.66	12.79
26.69	13.00
26.71	12.98
26.73	13.29
26.76	13.19
26.78	13.38
26.81	13.24
26.83	13.49
26.86	13.39
26.88	13.60
26.91	13.46
26.93	13.71
26.95	13.60
26.98	13.84
27.00	13.71
27.03	13.95
27.05	13.84
27.08	14.11
27.10	13.94
27.13	14.19
27.15	14.07
27.17	14.29
27.20	14.17
27.22	14.41
27.25	14.25
27.27	14.50
27.30	14.33
27.32	14.51
27.35	14.40
27.37	14.56
27.39	14.40
27.42	14.56
27.44	14.41
27.47	14.54
27.49	14.37
27.52	14.49
27.54	14.39
27.57	14.54
27.59	14.44
27.61	14.53
27.64	14.39
27.66	14.48
27.69	14.42
27.71	14.52
27.74	14.41
27.76	14.42
27.78	14.30
27.81	14.40
27.83	14.36
27.86	14.39
27.88	14.30
27.91	14.26
27.93	14.22
27.96	14.20
27.98	14.17
28.00	14.16
28.03	14.10
28.05	14.02
28.08	14.01
28.10	13.91
28.13	13.95
28.15	13.85
28.18	13.86
28.20	13.70
28.22	13.70
28.25	13.57
28.27	13.68
28.30	13.57
28.32	13.62
28.35	13.42
28.37	13.49
28.40	13.34
28.42	13.48
28.44	13.29
28.47	13.33
28.49	13.08
28.52	13.18
28.54	13.01
28.57	13.13
28.59	12.90
28.62	13.01
28.64	12.83
28.66	13.01
28.69	12.83
28.71	12.95
28.74	12.72
28.76	12.85
28.79	12.63
28.81	12.75
28.84	12.52
28.86	12.67
28.88	12.49
28.91	12.67
28.93	12.45
28.96	12.59
28.98	12.41
29.01	12.58
29.03	12.37
29.05	12.51
29.08	12.33
29.10	12.52
29.13	12.37
29.15	12.50
29.18	12.32
29.20	12.46
29.23	12.32
29.25	12.52
29.27	12.42
29.30	12.52
29.32	12.39
29.35	12.49
29.37	12.41
29.40	12.53
29.42	12.44
29.45	12.47
29.47	12.40
29.49	12.49
29.52	12.53
29.54	12.64
29.57	12.65
29.59	12.67
29.62	12.65
29.64	12.72
29.67	12.79
29.69	12.83
29.71	12.86
29.74	12.85
29.76	12.91
29.79	12.94
29.81	13.07
29.84	13.12
29.86	13.23
29.89	13.20
29.91	13.30
29.93	13.28
29.96	13.47
29.98	13.44
30.01	13.61
30.03	13.52
30.06	13.68
30.08	13.59
30.10	13.84
30.13	13.81
30.15	14.05
30.18	13.94
30.20	14.17
30.23	14.10
30.25	14.44
30.28	14.36
30.30	14.58
30.32	14.45
30.35	14.72
30.37	14.66
30.40	14.94
30.42	14.83
30.45	15.08
30.47	15.01
30.50	15.26
30.52	15.20
30.54	15.52
30.57	15.46
30.59	15.77
30.62	15.71
30.64	15.98
30.67	15.94
30.69	16.22
30.72	16.11
30.74	16.42
30.76	16.34
30.79	16.63
30.81	16.59
30.84	16.85
30.86	16.80
30.89	17.07
30.91	17.05
30.94	17.37
30.96	17.37
30.98	17.61
31.01	17.61
31.03	17.83
31.06	17.89
31.08	18.14
31.11	18.19
31.13	18.37
31.15	18.40
31.18	18.64
31.20	18.78
31.23	18.99
31.25	19.04
31.28	19.16
31.30	19.27
31.33	19.49
31.35	19.64
31.37	19.77
31.40	19.91
31.42	20.02
31.45	20.15
31.47	20.26
31.50	20.44
31.52	20.58
31.55	20.76
31.57	20.78
31.59	20.97
31.62	21.06
31.64	21.29
31.67	21.35
31.69	21.53
31.72	21.51
31.74	21.73
31.77	21.70
31.79	21.95
31.81	21.94
31.84	22.15
31.86	22.03
31.89	22.26
31.91	22.21
31.94	22.53
31.96	22.47
31.99	22.69
32.01	22.58
32.03	22.89
32.06	22.84
32.08	23.11
32.11	22.95
32.13	23.17
32.16	23.05
32.18	23.32
32.20	23.16
32.23	23.36
32.25	23.22
32.28	23.46
32.30	23.31
32.33	23.58
32.35	23.41
32.38	23.63
32.40	23.49
32.42	23.68
32.45	23.49
32.47	23.67
32.50	23.47
32.52	23.64
32.55	23.43
32.57	23.57
32.60	23.47
32.62	23.65
32.64	23.54
32.67	23.63
32.69	23.46
32.72	23.58
32.74	23.46
32.77	23.55
32.79	23.40
32.82	23.40
32.84	23.23
32.86	23.28
32.89	23.18
32.91	23.19
32.94	23.07
32.96	23.00
32.99	22.86
33.01	22.85
33.04	22.77
33.06	22.75
33.08	22.67
33.11	22.53
33.13	22.45
33.16	22.38
33.18	22.36
33.21	22.27
33.23	22.17
33.26	21.97
33.28	21.92
33.30	21.78
33.33	21.81
33.35	21.66
33.38	21.65
33.40	21.48
33.43	21.48
33.45	21.32
33.47	21.38
33.50	21.19
33.52	21.23
33.55	20.98
33.57	21.00
33.60	20.79
33.62	20.89
33.65	20.69
33.67	20.75
33.69	20.49
33.72	20.60
33.74	20.39
33.77	20.51
33.79	20.27
33.82	20.36
33.84	20.13
33.87	20.26
33.89	20.01
33.91	20.13
33.94	19.94
33.96	20.08
33.99	19.87
34.01	19.99
34.04	19.79
34.06	19.98
34.09	19.79
34.11	19.93
34.13	19.75
34.16	19.90
34.18	19.75
34.21	19.89
34.23	19.69
34.26	19.83
34.28	19.71
34.31	19.88
34.33	19.78
34.35	19.89
34.38	19.76
34.40	19.93
34.43	19.87
34.45	20.05
34.48	19.99
34.50	20.06
34.52	20.02
34.55	20.16
34.57	20.16
34.60	20.33
34.62	20.27
34.65	20.33
34.67	20.36
34.70	20.47
34.72	20.55
34.74	20.64
34.77	20.67
34.79	20.76
34.82	20.85
34.84	20.95
34.87	21.11
34.89	21.18
34.92	21.32
34.94	21.34
34.96	21.44
34.99	21.48
35.01	21.67
35.04	21.70
35.06	21.88
35.09	21.83
35.11	22.03
35.14	22.09
35.16	22.36
35.18	22.38
35.21	22.61
35.23	22.54
35.26	22.82
35.28	22.83
35.31	23.12
35.33	23.10
35.36	23.36
35.38	23.31
35.40	23.66
35.43	23.65
35.45	23.99
35.48	23.92
35.50	24.23
35.53	24.23
35.55	24.56
35.57	24.55
35.60	24.87
35.62	24.83
35.65	25.21
35.67	25.19
35.70	25.51
35.72	25.50
35.75	25.82
35.77	25.83
35.79	26.18
35.82	26.17
35.84	26.53
35.87	26.56
35.89	26.88
35.92	26.88
35.94	27.18
35.97	27.21
35.99	27.57
36.01	27.64
36.04	27.91
36.06	27.96
36.09	28.27
36.11	28.39
36.14	28.74
36.16	28.85
36.19	29.10
36.21	29.21
36.23	29.48
36.26	29.64
36.28	29.94
36.31	30.06
36.33	30.27
36.36	30.39
36.38	30.63
36.41	30.84
36.43	31.11
36.45	31.27
36.48	31.46
36.50	31.64
36.53	31.87
36.55	32.10
36.58	32.31
36.60	32.51
36.62	32.60
36.65	32.79
36.67	32.91
36.70	33.16
36.72	33.34
36.75	33.56
36.77	33.60
36.80	33.87
36.82	33.95
36.84	34.30
36.87	34.34
36.89	34.61
36.92	34.61
36.94	34.87
36.97	34.87
36.99	35.18
37.02	35.12
37.04	35.39
37.06	35.30
37.09	35.58
37.11	35.55
37.14	35.86
37.16	35.83
37.19	36.11
37.21	36.01
37.24	36.31
37.26	36.24
37.28	36.46
37.31	36.29
37.33	36.49
37.36	36.32
37.38	36.53
37.41	36.35
37.43	36.51
37.46	36.38
37.48	36.63
37.50	36.46
37.53	36.68
37.55	36.53
37.58	36.69
37.60	36.51
37.63	36.67
37.65	36.49
37.68	36.62
37.70	36.42
37.72	36.49
37.75	36.23
37.77	36.28
37.80	36.09
37.82	36.16
37.85	35.95
37.87	35.92
37.89	35.68
37.92	35.70
37.94	35.56
37.97	35.53
37.99	35.36
38.02	35.26
38.04	35.08
38.07	35.01
38.09	34.89
38.11	34.79
38.14	34.61
38.16	34.40
38.19	34.25
38.21	34.08
38.24	33.97
38.26	33.80
38.29	33.67
38.31	33.43
38.33	33.30
38.36	33.14
38.38	33.09
38.41	32.88
38.43	32.81
38.46	32.56
38.48	32.52
38.51	32.29
38.53	32.28
38.55	32.04
38.58	32.04
38.60	31.73
38.63	31.71
38.65	31.46
38.68	31.51
38.70	31.26
38.73	31.27
38.75	30.95
38.77	31.01
38.80	30.81
38.82	30.91
38.85	30.63
38.87	30.70
38.90	30.45
38.92	30.62
38.94	30.42
38.97	30.49
38.99	30.25
39.02	30.36
39.04	30.12
39.07	30.26
39.09	30.00
39.12	30.11
39.14	29.90
39.16	30.04
39.19	29.85
39.21	30.00
39.24	29.79
39.26	29.96
39.29	29.78
39.31	29.93
39.34	29.80
39.36	29.99
39.38	29.88
39.41	30.03
39.43	29.88
39.46	30.03
39.48	29.97
39.51	30.18
39.53	30.10
39.56	30.21
39.58	30.16
39.60	30.33
39.63	30.37
39.65	30.55
39.68	30.52
39.70	30.67
39.73	30.68
39.75	30.82
39.78	30.89
39.80	31.00
39.82	31.01
39.85	31.10
39.87	31.14
39.90	31.26
39.92	31.45
39.95	31.62
39.97	31.80
39.99	31.91
40.02	32.06
40.04	32.17
40.07	32.41
40.09	32.49
40.12	32.68
40.14	32.66
40.17	32.85
40.19	32.92
40.21	33.24
40.24	33.32
40.26	33.61
40.29	33.64
40.31	33.97
40.34	34.03
40.36	34.40
40.39	34.44
40.41	34.74
40.43	34.70
40.46	35.04
40.48	35.08
40.51	35.51
40.53	35.50
40.56	35.89
40.58	35.93
40.61	36.35
40.63	36.42
40.65	36.83
40.68	36.87
40.70	37.30
40.73	37.33
40.75	37.78
40.78	37.79
40.80	38.18
40.83	38.24
40.85	38.61
40.87	38.67
40.90	39.09
40.92	39.14
40.95	39.58
40.97	39.70
41.00	40.11
41.02	40.26
41.05	40.71
41.07	40.85
41.09	41.22
41.12	41.35
41.14	41.67
41.17	41.81
41.19	42.15
41.22	42.29
41.24	42.57
41.26	42.70
41.29	43.03
41.31	43.27
41.34	43.62
41.36	43.86
41.39	44.18
41.41	44.42
41.44	44.76
41.46	45.07
41.48	45.37
41.51	45.61
41.53	45.81
41.56	46.01
41.58	46.28
41.61	46.55
41.63	46.78
41.66	47.08
41.68	47.28
41.70	47.57
41.73	47.75
41.75	48.09
41.78	48.31
41.80	48.63
41.83	48.69
41.85	48.95
41.88	49.03
41.90	49.32
41.92	49.40
41.95	49.55
41.97	49.55
42.00	49.74
42.02	49.80
42.05	49.96
42.07	49.96
42.10	49.98
42.12	49.98
42.14	50.00
42.17	50.00
42.19	50.00
42.22	50.00
42.24	50.00
42.27	50.00
42.29	50.00
42.31	50.00
42.34	50.00
42.36	50.00
42.39	50.00
42.41	50.00
42.44	50.00
42.46	50.00
42.49	50.00
42.51	50.00
42.53	50.00
42.56	50.00
42.58	50.00
42.61	50.00
42.63	50.00
42.66	50.00
42.68	50.00
42.71	50.00
42.73	50.00
42.75	50.00
42.78	50.00
42.80	50.00
42.83	50.00
42.85	50.00
42.88	50.00
42.90	50.00
42.93	50.00
42.95	49.94
42.97	49.94
43.00	49.88
43.02	49.88
43.05	49.79
43.07	49.67
43.10	49.47
43.12	49.37
43.15	49.16
43.17	49.02
43.19	48.78
43.22	48.55
43.24	48.34
43.27	48.13
43.29	47.92
43.32	47.71
43.34	47.49
43.36	47.22
43.39	47.03
43.41	46.76
43.44	46.66
43.46	46.44
43.49	46.31
43.51	46.05
43.54	45.89
43.56	45.63
43.58	45.60
43.61	45.35
43.63	45.25
43.66	44.92
43.68	44.83
43.71	44.58
43.73	44.58
43.76	44.29
43.78	44.23
43.80	43.88
43.83	43.88
43.85	43.66
43.88	43.69
43.90	43.38
43.93	43.41
43.95	43.13
43.98	43.26
44.00	43.03
44.02	43.09
44.05	42.84
44.07	42.92
44.10	42.65
44.12	42.77
44.15	42.49
44.17	42.60
44.20	42.35
44.22	42.49
44.24	42.30
44.27	42.46
44.29	42.24
44.32	42.43
44.34	42.27
44.37	42.43
44.39	42.29
44.41	42.49
44.44	42.35
44.46	42.55
44.49	42.36
44.51	42.52
44.54	42.45
44.56	42.68
44.59	42.64
44.61	42.78
44.63	42.69
44.66	42.89
44.68	42.92
44.71	43.15
44.73	43.15
44.76	43.27
44.78	43.33
44.81	43.50
44.83	43.64
44.85	43.79
44.88	43.90
44.90	44.05
44.93	44.19
44.95	44.38
44.98	44.60
45.00	44.78
45.03	44.96
45.05	45.06
45.07	45.23
45.10	45.35
45.12	45.64
45.15	45.80
45.17	46.05
45.20	46.16
45.22	46.45
45.25	46.61
45.27	46.97
45.29	47.11
45.32	47.46
45.34	47.54
45.37	47.88
45.39	47.97
45.42	48.35
45.44	48.48
45.47	48.80
45.49	48.89
45.51	49.21
45.54	49.35
45.56	49.63
45.59	49.69
45.61	49.85
45.64	49.85
45.66	49.95
45.68	49.95
45.71	50.00
45.73	50.00
45.76	50.00
45.78	50.00
45.81	50.00
45.83	50.00
45.86	50.00
45.88	50.00
45.90	50.00
45.93	50.00
45.95	50.00
45.98	50.00
46.00	50.00
46.03	50.00
46.05	50.00
46.08	50.00
46.10	50.00
46.12	50.00
46.15	50.00
46.17	50.00
46.20	50.00
46.22	50.00
46.25	50.00
46.27	50.00
46.30	50.00
46.32	50.00
46.34	50.00
46.37	50.00
46.39	50.00
46.42	50.00
46.44	50.00
46.47	50.00
46.49	50.00
46.52	50.00
46.54	50.00
46.56	50.00
46.59	50.00
46.61	50.00
46.64	50.00
46.66	50.00
46.69	50.00
46.71	50.00
46.73	50.00
46.76	50.00
46.78	50.00
46.81	50.00
46.83	50.00
46.86	50.00
46.88	50.00
46.91	50.00
46.93	50.00
46.95	50.00
46.98	50.00
47.00	50.00
47.03	50.00
47.05	50.00
47.08	50.00
47.10	50.00
47.13	50.00
47.15	50.00
47.17	50.00
47.20	50.00
47.22	50.00
47.25	50.00
47.27	50.00
47.30	50.00
47.32	50.00
47.35	50.00
47.37	50.00
47.39	50.00
47.42	50.00
47.44	50.00
47.47	50.00
47.49	50.00
47.52	50.00
47.54	50.00
47.57	50.00
47.59	50.00
47.61	50.00
47.64	50.00
47.66	50.00
47.69	50.00
47.71	50.00
47.74	50.00
47.76	50.00
47.78	50.00
47.81	50.00
47.83	50.00
47.86	50.00
47.88	50.00
47.91	50.00
47.93	50.00
47.96	50.00
47.98	50.00
48.00	50.00
48.03	50.00
48.05	50.00
48.08	50.00
48.10	50.00
48.13	50.00
48.15	50.00
48.18	50.00
48.20	50.00
48.22	50.00
48.25	50.00
48.27	50.00
48.30	50.00
48.32	50.00
48.35	50.00
48.37	50.00
48.40	50.00
48.42	50.00
48.44	50.00
48.47	50.00
48.49	50.00
48.52	50.00
48.54	50.00
48.57	50.00
48.59	50.00
48.62	50.00
48.64	50.00
48.66	50.00
48.69	50.00
48.71	50.00
48.74	50.00
48.76	50.00
48.79	50.00
48.81	50.00
48.84	50.00
48.86	50.00
48.88	50.00
48.91	50.00
48.93	50.00
48.96	50.00
48.98	50.00
49.01	50.00
49.03	50.00
49.05	50.00
49.08	50.00
49.10	50.00
49.13	50.00
49.15	50.00
49.18	50.00
49.20	50.00
49.23	50.00
49.25	50.00
49.27	50.00
49.30	50.00
49.32	50.00
49.35	50.00
49.37	50.00
49.40	50.00
49.42	50.00
49.45	50.00
49.47	50.00
49.49	50.00
49.52	50.00
49.54	50.00
49.57	50.00
49.59	50.00
49.62	50.00
49.64	50.00
49.67	50.00
49.69	50.00
49.71	50.00
49.74	50.00
49.76	50.00
49.79	50.00
49.81	50.00
49.84	50.00
49.86	50.00
49.89	50.00
49.91	50.00
49.93	50.00
49.96	50.00
49.98	50.00
50.01	50.00
50.03	50.00
50.06	50.00
50.08	50.00
50.10	50.00
50.13	50.00
50.15	50.00
50.18	50.00
50.20	50.00
50.23	50.00
50.25	50.00
50.28	50.00
50.30	50.00
50.32	50.00
50.35	50.00
50.37	50.00
50.40	50.00
50.42	50.00
50.45	50.00
50.47	50.00
50.50	50.00
50.52	50.00
50.54	50.00
50.57	50.00
50.59	50.00
50.62	50.00
50.64	50.00
50.67	50.00
50.69	50.00
50.72	50.00
50.74	50.00
50.76	50.00
50.79	50.00
50.81	50.00
50.84	50.00
50.86	50.00
50.89	50.00
50.91	50.00
50.94	50.00
50.96	50.00
50.98	50.00
51.01	50.00
51.03	50.00
51.06	50.00
51.08	50.00
51.11	50.00
51.13	50.00
51.15	50.00
51.18	50.00
51.20	50.00
51.23	50.00
51.25	50.00
51.28	50.00
51.30	50.00
51.33	50.00
51.35	50.00
51.37	50.00
51.40	50.00
51.42	50.00
51.45	50.00
51.47	50.00
51.50	50.00
51.52	50.00
51.55	50.00
51.57	50.00
51.59	50.00
51.62	50.00
51.64	50.00
51.67	50.00
51.69	50.00
51.72	50.00
51.74	50.00
51.77	50.00
51.79	50.00
51.81	50.00
51.84	50.00
51.86	50.00
51.89	50.00
51.91	50.00
51.94	50.00
51.96	50.00
51.99	50.00
52.01	50.00
52.03	50.00
52.06	50.00
52.08	50.00
52.11	50.00
52.13	50.00
52.16	50.00
52.18	50.00
52.20	50.00
52.23	50.00
52.25	50.00
52.28	50.00
52.30	50.00
52.33	50.00
52.35	50.00
52.38	50.00
52.40	50.00
52.42	50.00
52.45	50.00
52.47	50.00
52.50	50.00
52.52	50.00
52.55	50.00
52.57	50.00
52.60	50.00
52.62	50.00
52.64	50.00
52.67	50.00
52.69	50.00
52.72	50.00
52.74	50.00
52.77	50.00
52.79	50.00
52.82	50.00
52.84	50.00
52.86	50.00
52.89	50.00
52.91	50.00
52.94	50.00
52.96	50.00
52.99	50.00
53.01	50.00
53.04	50.00
53.06	50.00
53.08	50.00
53.11	50.00
53.13	50.00
53.16	50.00
53.18	50.00
53.21	50.00
53.23	50.00
53.26	50.00
53.28	50.00
53.30	50.00
53.33	50.00
53.35	50.00
53.38	50.00
53.40	50.00
53.43	50.00
53.45	50.00
53.47	50.00
53.50	50.00
53.52	50.00
53.55	50.00
53.57	50.00
53.60	50.00
53.62	50.00
53.65	50.00
53.67	50.00
53.69	50.00
53.72	50.00
53.74	50.00
53.77	50.00
53.79	50.00
53.82	50.00
53.84	50.00
53.87	50.00
53.89	50.00
53.91	50.00
53.94	50.00
53.96	50.00
53.99	50.00
54.01	50.00
54.04	50.00
54.06	50.00
54.09	50.00
54.11	50.00
54.13	50.00
54.16	50.00
54.18	50.00
54.21	50.00
54.23	50.00
54.26	50.00
54.28	50.00
54.31	50.00
54.33	50.00
54.35	50.00
54.38	50.00
54.40	50.00
54.43	50.00
54.45	50.00
54.48	50.00
54.50	50.00
54.52	50.00
54.55	50.00
54.57	50.00
54.60	50.00
54.62	50.00
54.65	50.00
54.67	50.00
54.70	50.00
54.72	50.00
54.74	50.00
54.77	50.00
54.79	50.00
54.82	50.00
54.84	50.00
54.87	50.00
54.89	50.00
54.92	50.00
54.94	50.00
54.96	50.00
54.99	50.00
55.01	50.00
55.04	50.00
55.06	50.00
55.09	50.00
55.11	50.00
55.14	50.00
55.16	50.00
55.18	50.00
55.21	50.00
55.23	50.00
55.26	50.00
55.28	50.00
55.31	50.00
55.33	50.00
55.36	50.00
55.38	50.00
55.40	50.00
55.43	50.00
55.45	50.00
55.48	50.00
55.50	50.00
55.53	50.00
55.55	50.00
55.57	50.00
55.60	50.00
55.62	50.00
55.65	50.00
55.67	50.00
55.70	50.00
55.72	50.00
55.75	50.00
55.77	50.00
55.79	50.00
55.82	50.00
55.84	50.00
55.87	50.00
55.89	50.00
55.92	50.00
55.94	50.00
55.97	50.00
55.99	50.00
56.01	50.00
56.04	50.00
56.06	50.00
56.09	50.00
56.11	50.00
56.14	50.00
56.16	50.00
56.19	50.00
56.21	50.00
56.23	50.00
56.26	50.00
56.28	50.00
56.31	50.00
56.33	50.00
56.36	50.00
56.38	50.00
56.41	50.00
56.43	50.00
56.45	50.00
56.48	50.00
56.50	50.00
56.53	50.00
56.55	50.00
56.58	50.00
56.60	50.00
56.62	50.00
56.65	50.00
56.67	50.00
56.70	50.00
56.72	50.00
56.75	50.00
56.77	50.00
56.80	50.00
56.82	50.00
56.84	50.00
56.87	50.00
56.89	50.00
56.92	50.00
56.94	50.00
56.97	50.00
56.99	50.00
57.02	50.00
57.04	50.00
57.06	50.00
57.09	50.00
57.11	50.00
57.14	50.00
57.16	50.00
57.19	50.00
57.21	50.00
57.24	50.00
57.26	50.00
57.28	50.00
57.31	50.00
57.33	50.00
57.36	50.00
57.38	50.00
57.41	50.00
57.43	50.00
57.46	50.00
57.48	50.00
57.50	50.00
57.53	50.00
57.55	50.00
57.58	50.00
57.60	50.00
57.63	50.00
57.65	50.00
57.68	50.00
57.70	50.00
57.72	50.00
57.75	50.00
57.77	50.00
57.80	50.00
57.82	50.00
57.85	50.00
57.87	50.00
57.89	50.00
57.92	50.00
57.94	50.00
57.97	50.00
57.99	50.00
58.02	50.00
58.04	50.00
58.07	50.00
58.09	50.00
58.11	50.00
58.14	50.00
58.16	50.00
58.19	50.00
58.21	50.00
58.24	50.00
58.26	50.00
58.29	50.00
58.31	50.00
58.33	50.00
58.36	50.00
58.38	50.00
58.41	50.00
58.43	50.00
58.46	50.00
58.48	50.00
58.51	50.00
58.53	50.00
58.55	50.00
58.58	50.00
58.60	50.00
58.63	50.00
58.65	50.00
58.68	50.00
58.70	50.00
58.73	50.00
58.75	50.00
58.77	50.00
58.80	50.00
58.82	50.00
58.85	50.00
58.87	50.00
58.90	50.00
58.92	50.00
58.94	50.00
58.97	50.00
58.99	50.00
59.02	50.00
59.04	50.00
59.07	50.00
59.09	50.00
59.12	50.00
59.14	50.00
59.16	50.00
59.19	50.00
59.21	50.00
59.24	50.00
59.26	50.00
59.29	50.00
59.31	50.00
59.34	50.00
59.36	50.00
59.38	50.00
59.41	50.00
59.43	50.00
59.46	50.00
59.48	50.00
59.51	50.00
59.53	50.00
59.56	50.00
59.58	50.00
59.60	50.00
59.63	50.00
59.65	50.00
59.68	50.00
59.70	50.00
59.73	50.00
59.75	50.00
59.78	50.00
59.80	50.00
59.82	50.00
59.85	50.00
59.87	50.00
59.90	50.00
59.92	50.00
59.95	50.00
59.97	50.00
59.99	50.00
