U1	I
0.02	0.84
0.04	0.81
0.07	0.73
0.09	0.72
0.12	0.70
0.14	0.72
0.17	0.65
0.19	0.71
0.21	0.70
0.24	0.77
0.26	0.76
0.29	0.69
0.31	0.66
0.34	0.66
0.36	0.73
0.39	0.72
0.41	0.72
0.43	0.62
0.46	0.65
0.48	0.61
0.51	0.72
0.53	0.63
0.56	0.72
0.58	0.58
0.61	0.65
0.63	0.59
0.65	0.80
0.68	0.69
0.70	0.81
0.73	0.62
0.75	0.81
0.78	0.72
0.80	0.86
0.83	0.66
0.85	0.79
0.87	0.61
0.90	0.81
0.92	0.65
0.95	0.81
0.97	0.66
1.00	0.80
1.02	0.65
1.05	0.82
1.07	0.62
1.09	0.78
1.12	0.60
1.14	0.79
1.17	0.60
1.19	0.74
1.22	0.55
1.24	0.77
1.26	0.59
1.29	0.77
1.31	0.60
1.34	0.79
1.36	0.65
1.39	0.83
1.41	0.63
1.44	0.79
1.46	0.64
1.48	0.81
1.51	0.66
1.53	0.80
1.56	0.63
1.58	0.74
1.61	0.62
1.63	0.80
1.66	0.69
1.68	0.79
1.70	0.64
1.73	0.74
1.75	0.71
1.78	0.82
1.80	0.71
1.83	0.74
1.85	0.63
1.88	0.70
1.90	0.70
1.92	0.73
1.95	0.65
1.97	0.66
2.00	0.63
2.02	0.66
2.05	0.69
2.07	0.69
2.10	0.72
2.12	0.72
2.14	0.72
2.17	0.70
2.19	0.77
2.22	0.74
2.24	0.80
2.27	0.69
2.29	0.75
2.31	0.67
2.34	0.78
2.36	0.72
2.39	0.80
2.41	0.63
2.44	0.71
2.46	0.57
2.49	0.72
2.51	0.60
2.53	0.71
2.56	0.54
2.58	0.70
2.61	0.59
2.63	0.76
2.66	0.60
2.68	0.74
2.71	0.58
2.73	0.74
2.75	0.59
2.78	0.77
2.80	0.60
2.83	0.76
2.85	0.60
2.88	0.78
2.90	0.62
2.93	0.77
2.95	0.61
2.97	0.83
3.00	0.65
3.02	0.82
3.05	0.63
3.07	0.80
3.10	0.66
3.12	0.81
3.15	0.62
3.17	0.79
3.19	0.60
3.22	0.75
3.24	0.58
3.27	0.70
3.29	0.57
3.32	0.75
3.34	0.64
3.36	0.78
3.39	0.62
3.41	0.74
3.44	0.65
3.46	0.78
3.49	0.65
3.51	0.70
3.54	0.57
3.56	0.67
3.58	0.64
3.61	0.72
3.63	0.65
3.66	0.69
3.68	0.62
3.71	0.71
3.73	0.72
3.76	0.75
3.78	0.74
3.80	0.72
3.83	0.69
3.85	0.70
3.88	0.73
3.90	0.74
3.93	0.78
3.95	0.69
3.98	0.68
4.00	0.65
4.02	0.74
4.05	0.68
4.07	0.73
4.10	0.60
4.12	0.66
4.15	0.58
4.17	0.73
4.20	0.65
4.22	0.73
4.24	0.57
4.27	0.66
4.29	0.57
4.32	0.74
4.34	0.59
4.37	0.72
4.39	0.55
4.42	0.73
4.44	0.63
4.46	0.82
4.49	0.65
4.51	0.78
4.54	0.61
4.56	0.85
4.59	0.71
4.61	0.86
4.63	0.70
4.66	0.88
4.68	0.72
4.71	0.89
4.73	0.67
4.76	0.81
4.78	0.63
4.81	0.79
4.83	0.60
4.85	0.78
4.88	0.60
4.90	0.79
4.93	0.64
4.95	0.80
4.98	0.64
5.00	0.82
5.03	0.65
5.05	0.79
5.07	0.59
5.10	0.72
5.12	0.59
5.15	0.76
5.17	0.65
5.20	0.77
5.22	0.61
5.25	0.74
5.27	0.67
5.29	0.81
5.32	0.70
5.34	0.73
5.37	0.63
5.39	0.74
5.42	0.70
5.44	0.78
5.47	0.69
5.49	0.70
5.51	0.64
5.54	0.69
5.56	0.68
5.59	0.72
5.61	0.70
5.64	0.69
5.66	0.69
5.68	0.70
5.71	0.75
5.73	0.75
5.76	0.78
5.78	0.67
5.81	0.70
5.83	0.63
5.86	0.72
5.88	0.67
5.90	0.76
5.93	0.62
5.95	0.69
5.98	0.61
6.00	0.76
6.03	0.69
6.05	0.81
6.08	0.66
6.10	0.79
6.12	0.69
6.15	0.84
6.17	0.70
6.20	0.81
6.22	0.61
6.25	0.77
6.27	0.61
6.30	0.81
6.32	0.64
6.34	0.80
6.37	0.65
6.39	0.83
6.42	0.63
6.44	0.80
6.47	0.65
6.49	0.83
6.52	0.63
6.54	0.79
6.56	0.63
6.59	0.82
6.61	0.67
6.64	0.86
6.66	0.68
6.69	0.88
6.71	0.69
6.73	0.87
6.76	0.73
6.78	0.87
6.81	0.68
6.83	0.87
6.86	0.72
6.88	0.88
6.91	0.70
6.93	0.81
6.95	0.72
6.98	0.90
7.00	0.77
7.03	0.87
7.05	0.73
7.08	0.85
7.10	0.80
7.13	0.93
7.15	0.82
7.17	0.86
7.20	0.77
7.22	0.87
7.25	0.83
7.27	0.89
7.30	0.78
7.32	0.78
7.35	0.73
7.37	0.79
7.39	0.78
7.42	0.83
7.44	0.81
7.47	0.80
7.49	0.81
7.52	0.81
7.54	0.84
7.57	0.85
7.59	0.85
7.61	0.77
7.64	0.81
7.66	0.75
7.69	0.88
7.71	0.85
7.74	0.94
7.76	0.83
7.78	0.90
7.81	0.81
7.83	0.97
7.86	0.87
7.88	0.95
7.91	0.80
7.93	0.93
7.96	0.81
7.98	0.99
8.00	0.83
8.03	0.94
8.05	0.77
8.08	0.93
8.10	0.80
8.13	1.01
8.15	0.83
8.18	1.01
8.20	0.83
8.22	1.05
8.25	0.88
8.27	1.05
8.30	0.86
8.32	1.02
8.35	0.82
8.37	1.02
8.40	0.84
8.42	1.01
8.44	0.84
8.47	1.02
8.49	0.87
8.52	1.04
8.54	0.88
8.57	1.06
8.59	0.88
8.62	1.05
8.64	0.89
8.66	1.08
8.69	0.96
8.71	1.09
8.74	0.89
8.76	1.03
8.79	0.91
8.81	1.09
8.84	0.96
8.86	1.05
8.88	0.93
8.91	1.05
8.93	0.99
8.96	1.13
8.98	1.04
9.01	1.08
9.03	0.99
9.05	1.05
9.08	1.04
9.10	1.10
9.13	1.02
9.15	1.01
9.18	0.97
9.20	1.00
9.23	1.03
9.25	1.06
9.27	1.04
9.30	1.02
9.32	1.02
9.35	1.03
9.37	1.09
9.40	1.08
9.42	1.12
9.45	1.03
9.47	1.07
9.49	1.02
9.52	1.11
9.54	1.09
9.57	1.20
9.59	1.04
9.62	1.13
9.64	1.04
9.67	1.21
9.69	1.12
9.71	1.21
9.74	1.03
9.76	1.20
9.79	1.10
9.81	1.25
9.84	1.11
9.86	1.23
9.89	1.06
9.91	1.23
9.93	1.09
9.96	1.27
9.98	1.11
10.01	1.25
10.03	1.13
10.06	1.33
10.08	1.15
10.10	1.32
10.13	1.12
10.15	1.32
10.18	1.13
10.20	1.30
10.23	1.11
10.25	1.27
10.28	1.13
10.30	1.35
10.32	1.14
10.35	1.33
10.37	1.18
10.40	1.33
10.42	1.17
10.45	1.31
10.47	1.14
10.50	1.34
10.52	1.20
10.54	1.32
10.57	1.15
10.59	1.28
10.62	1.17
10.64	1.32
10.67	1.21
10.69	1.32
10.72	1.18
10.74	1.32
10.76	1.28
10.79	1.40
10.81	1.33
10.84	1.37
10.86	1.28
10.89	1.36
10.91	1.35
10.94	1.41
10.96	1.36
10.98	1.35
11.01	1.33
11.03	1.37
11.06	1.38
11.08	1.39
11.11	1.40
11.13	1.35
11.15	1.40
11.18	1.38
11.20	1.44
11.23	1.46
11.25	1.48
11.28	1.36
11.30	1.40
11.33	1.32
11.35	1.44
11.37	1.39
11.40	1.49
11.42	1.37
11.45	1.48
11.47	1.42
11.50	1.60
11.52	1.47
11.55	1.61
11.57	1.43
11.59	1.58
11.62	1.47
11.64	1.66
11.67	1.50
11.69	1.68
11.72	1.46
11.74	1.65
11.77	1.51
11.79	1.69
11.81	1.49
11.84	1.66
11.86	1.47
11.89	1.72
11.91	1.55
11.94	1.76
11.96	1.61
11.99	1.79
12.01	1.61
12.03	1.77
12.06	1.58
12.08	1.76
12.11	1.58
12.13	1.75
12.16	1.61
12.18	1.80
12.21	1.67
12.23	1.83
12.25	1.67
12.28	1.81
12.30	1.69
12.33	1.85
12.35	1.75
12.38	1.89
12.40	1.71
12.42	1.85
12.45	1.76
12.47	1.93
12.50	1.84
12.52	1.89
12.55	1.78
12.57	1.92
12.60	1.87
12.62	2.01
12.64	1.91
12.67	1.92
12.69	1.87
12.72	1.93
12.74	1.90
12.77	1.95
12.79	1.89
12.82	1.88
12.84	1.86
12.86	1.89
12.89	1.96
12.91	1.97
12.94	2.00
12.96	1.95
12.99	1.98
13.01	1.96
13.04	2.05
13.06	2.00
13.08	2.08
13.11	1.99
13.13	2.06
13.16	1.98
13.18	2.11
13.21	2.05
13.23	2.19
13.26	2.04
13.28	2.14
13.30	2.02
13.33	2.21
13.35	2.12
13.38	2.24
13.40	2.00
13.43	2.13
13.45	1.99
13.47	2.21
13.50	2.02
13.52	2.13
13.55	1.93
13.57	2.10
13.60	1.97
13.62	2.16
13.65	1.96
13.67	2.13
13.69	2.00
13.72	2.22
13.74	2.05
13.77	2.24
13.79	2.05
13.82	2.26
13.84	2.05
13.87	2.20
13.89	2.03
13.91	2.21
13.94	2.02
13.96	2.18
13.99	1.97
14.01	2.19
14.04	2.05
14.06	2.20
14.09	2.03
14.11	2.17
14.13	2.05
14.16	2.26
14.18	2.10
14.21	2.18
14.23	2.02
14.26	2.13
14.28	2.06
14.31	2.18
14.33	2.05
14.35	2.14
14.38	2.04
14.40	2.15
14.43	2.14
14.45	2.24
14.48	2.19
14.50	2.21
14.52	2.13
14.55	2.20
14.57	2.16
14.60	2.18
14.62	2.13
14.65	2.11
14.67	2.10
14.70	2.11
14.72	2.14
14.74	2.17
14.77	2.20
14.79	2.13
14.82	2.17
14.84	2.13
14.87	2.23
14.89	2.21
14.92	2.30
14.94	2.19
14.96	2.28
14.99	2.18
15.01	2.33
15.04	2.24
15.06	2.30
15.09	2.14
15.11	2.25
15.14	2.13
15.16	2.30
15.18	2.17
15.21	2.30
15.23	2.14
15.26	2.30
15.28	2.19
15.31	2.35
15.33	2.16
15.36	2.28
15.38	2.09
15.40	2.31
15.43	2.15
15.45	2.32
15.48	2.18
15.50	2.38
15.53	2.24
15.55	2.46
15.57	2.26
15.60	2.43
15.62	2.27
15.65	2.45
15.67	2.27
15.70	2.44
15.72	2.26
15.75	2.45
15.77	2.27
15.79	2.44
15.82	2.28
15.84	2.49
15.87	2.37
15.89	2.52
15.92	2.35
15.94	2.52
15.97	2.42
15.99	2.60
16.01	2.52
16.04	2.62
16.06	2.50
16.09	2.67
16.11	2.61
16.14	2.76
16.16	2.68
16.19	2.73
16.21	2.68
16.23	2.79
16.26	2.76
16.28	2.86
16.31	2.82
16.33	2.84
16.36	2.80
16.38	2.85
16.41	2.90
16.43	2.96
16.45	2.97
16.48	2.96
16.50	2.97
16.53	2.99
16.55	3.07
16.58	3.08
16.60	3.14
16.63	3.05
16.65	3.12
16.67	3.12
16.70	3.25
16.72	3.21
16.75	3.31
16.77	3.18
16.80	3.31
16.82	3.25
16.84	3.45
16.87	3.39
16.89	3.54
16.92	3.40
16.94	3.60
16.97	3.49
16.99	3.70
17.02	3.56
17.04	3.72
17.06	3.53
17.09	3.74
17.11	3.61
17.14	3.84
17.16	3.65
17.19	3.83
17.21	3.66
17.24	3.88
17.26	3.73
17.28	3.94
17.31	3.76
17.33	3.95
17.36	3.76
17.38	3.96
17.41	3.78
17.43	3.97
17.46	3.79
17.48	4.00
17.50	3.84
17.53	4.07
17.55	3.92
17.58	4.14
17.60	3.98
17.63	4.11
17.65	3.98
17.68	4.19
17.70	4.04
17.72	4.18
17.75	4.01
17.77	4.12
17.80	4.05
17.82	4.21
17.85	4.07
17.87	4.16
17.89	4.02
17.92	4.12
17.94	4.11
17.97	4.19
17.99	4.09
18.02	4.16
18.04	4.07
18.07	4.16
18.09	4.15
18.11	4.18
18.14	4.16
18.16	4.16
18.19	4.11
18.21	4.14
18.24	4.17
18.26	4.18
18.29	4.20
18.31	4.12
18.33	4.13
18.36	4.09
18.38	4.15
18.41	4.10
18.43	4.12
18.46	3.98
18.48	4.03
18.51	3.93
18.53	4.05
18.55	3.98
18.58	4.05
18.60	3.91
18.63	4.00
18.65	3.87
18.68	4.02
18.70	3.86
18.73	3.93
18.75	3.76
18.77	3.88
18.80	3.76
18.82	3.96
18.85	3.79
18.87	3.95
18.90	3.76
18.92	3.93
18.94	3.76
18.97	3.89
18.99	3.67
19.02	3.85
19.04	3.61
19.07	3.80
19.09	3.59
19.12	3.79
19.14	3.59
19.16	3.79
19.19	3.57
19.21	3.79
19.24	3.56
19.26	3.74
19.29	3.55
19.31	3.71
19.34	3.50
19.36	3.69
19.38	3.52
19.41	3.71
19.43	3.52
19.46	3.63
19.48	3.51
19.51	3.69
19.53	3.55
19.56	3.64
19.58	3.48
19.60	3.61
19.63	3.54
19.65	3.67
19.68	3.57
19.70	3.63
19.73	3.53
19.75	3.64
19.78	3.59
19.80	3.68
19.82	3.60
19.85	3.60
19.87	3.57
19.90	3.62
19.92	3.61
19.95	3.65
19.97	3.58
19.99	3.57
20.02	3.56
20.04	3.57
20.07	3.63
20.09	3.62
20.12	3.69
20.14	3.66
20.17	3.70
20.19	3.68
20.21	3.81
20.24	3.79
20.26	3.89
20.29	3.76
20.31	3.85
20.34	3.81
20.36	3.98
20.39	3.91
20.41	4.01
20.43	3.85
20.46	4.01
20.48	3.93
20.51	4.11
20.53	3.99
20.56	4.12
20.58	4.00
20.61	4.22
20.63	4.11
20.65	4.32
20.68	4.19
20.70	4.35
20.73	4.22
20.75	4.47
20.78	4.35
20.80	4.58
20.83	4.45
20.85	4.66
20.87	4.54
20.90	4.74
20.92	4.58
20.95	4.81
20.97	4.67
21.00	4.89
21.02	4.75
21.05	4.97
21.07	4.85
21.09	5.06
21.12	4.91
21.14	5.10
21.17	4.99
21.19	5.24
21.22	5.22
21.24	5.42
21.26	5.30
21.29	5.48
21.31	5.42
21.34	5.66
21.36	5.59
21.39	5.69
21.41	5.60
21.44	5.77
21.46	5.79
21.48	5.97
21.51	5.92
21.53	6.02
21.56	6.00
21.58	6.13
21.61	6.17
21.63	6.27
21.66	6.24
21.68	6.30
21.70	6.31
21.73	6.39
21.75	6.47
21.78	6.55
21.80	6.64
21.83	6.68
21.85	6.74
21.88	6.79
21.90	6.91
21.92	6.94
21.95	7.06
21.97	6.99
22.00	7.11
22.02	7.09
22.05	7.23
22.07	7.22
22.10	7.37
22.12	7.24
22.14	7.36
22.17	7.25
22.19	7.43
22.22	7.36
22.24	7.51
22.27	7.32
22.29	7.47
22.31	7.35
22.34	7.55
22.36	7.41
22.39	7.57
22.41	7.40
22.44	7.61
22.46	7.49
22.49	7.70
22.51	7.57
22.53	7.74
22.56	7.56
22.58	7.74
22.61	7.57
22.63	7.73
22.66	7.53
22.68	7.73
22.71	7.53
22.73	7.69
22.75	7.51
22.78	7.68
22.80	7.52
22.83	7.70
22.85	7.47
22.88	7.62
22.90	7.41
22.93	7.53
22.95	7.31
22.97	7.40
23.00	7.22
23.02	7.36
23.05	7.20
23.07	7.30
23.10	7.11
23.12	7.17
23.15	7.06
23.17	7.18
23.19	7.03
23.22	7.05
23.24	6.90
23.27	6.94
23.29	6.88
23.32	6.90
23.34	6.76
23.36	6.74
23.39	6.63
23.41	6.65
23.44	6.61
23.46	6.62
23.49	6.53
23.51	6.47
23.54	6.43
23.56	6.40
23.58	6.41
23.61	6.38
23.63	6.35
23.66	6.26
23.68	6.23
23.71	6.16
23.73	6.22
23.76	6.13
23.78	6.17
23.80	6.05
23.83	6.09
23.85	5.98
23.88	6.10
23.90	5.96
23.93	6.01
23.95	5.83
23.98	5.90
24.00	5.78
24.02	5.94
24.05	5.76
24.07	5.88
24.10	5.67
24.12	5.81
24.15	5.64
24.17	5.80
24.20	5.61
24.22	5.75
24.24	5.55
24.27	5.77
24.29	5.59
24.32	5.78
24.34	5.60
24.37	5.74
24.39	5.56
24.42	5.76
24.44	5.53
24.46	5.71
24.49	5.51
24.51	5.67
24.54	5.51
24.56	5.73
24.59	5.53
24.61	5.75
24.63	5.60
24.66	5.81
24.68	5.69
24.71	5.89
24.73	5.75
24.76	5.91
24.78	5.74
24.81	5.88
24.83	5.76
24.85	5.93
24.88	5.85
24.90	5.96
24.93	5.88
24.95	6.02
24.98	6.01
25.00	6.21
25.03	6.14
25.05	6.21
25.07	6.17
25.10	6.25
25.12	6.27
25.15	6.38
25.17	6.35
25.20	6.40
25.22	6.40
25.25	6.49
25.27	6.61
25.29	6.69
25.32	6.72
25.34	6.74
25.37	6.81
25.39	6.85
25.42	6.99
25.44	7.02
25.47	7.13
25.49	7.10
25.51	7.21
25.54	7.21
25.56	7.41
25.59	7.39
25.61	7.56
25.64	7.48
25.66	7.69
25.68	7.64
25.71	7.92
25.73	7.88
25.76	8.14
25.78	8.03
25.81	8.29
25.83	8.17
25.86	8.45
25.88	8.33
25.90	8.55
25.93	8.41
25.95	8.68
25.98	8.64
26.00	8.96
26.03	8.85
26.05	9.14
26.08	9.09
26.10	9.38
26.12	9.28
26.15	9.53
26.17	9.42
26.20	9.73
26.22	9.62
26.25	9.87
26.27	9.80
26.30	10.08
26.32	10.04
26.34	10.35
26.37	10.30
26.39	10.61
26.42	10.58
26.44	10.84
26.47	10.80
26.49	11.01
26.52	10.98
26.54	11.24
26.56	11.18
26.59	11.40
26.61	11.31
26.64	11.51
26.66	11.53
26.69	11.74
26.71	11.76
26.73	11.92
26.76	11.89
26.78	12.08
26.81	12.15
26.83	12.31
26.86	12.32
26.88	12.37
26.91	12.38
26.93	12.49
26.95	12.55
26.98	12.63
27.00	12.69
27.03	12.69
27.05	12.72
27.08	12.79
27.10	12.87
27.13	12.89
27.15	12.95
27.17	12.86
27.20	12.95
27.22	12.91
27.25	13.00
27.27	12.97
27.30	13.05
27.32	12.92
27.35	12.99
27.37	12.91
27.39	13.09
27.42	12.99
27.44	13.09
27.47	12.94
27.49	13.03
27.52	12.91
27.54	13.04
27.57	12.85
27.59	12.97
27.61	12.75
27.64	12.85
27.66	12.66
27.69	12.76
27.71	12.53
27.74	12.62
27.76	12.34
27.78	12.45
27.81	12.20
27.83	12.31
27.86	12.07
27.88	12.18
27.91	11.90
27.93	12.05
27.96	11.78
27.98	11.93
28.00	11.71
28.03	11.82
28.05	11.51
28.08	11.59
28.10	11.29
28.13	11.39
28.15	11.07
28.18	11.12
28.20	10.85
28.22	11.00
28.25	10.81
28.27	10.89
28.30	10.62
28.32	10.69
28.35	10.52
28.37	10.62
28.40	10.40
28.42	10.38
28.44	10.17
28.47	10.20
28.49	10.05
28.52	10.07
28.54	9.91
28.57	9.86
28.59	9.74
28.62	9.73
28.64	9.68
28.66	9.72
28.69	9.62
28.71	9.56
28.74	9.47
28.76	9.44
28.79	9.42
28.81	9.41
28.84	9.34
28.86	9.24
28.88	9.20
28.91	9.14
28.93	9.19
28.96	9.14
28.98	9.13
29.01	9.01
29.03	9.03
29.05	8.93
29.08	9.04
29.10	8.93
29.13	9.01
29.15	8.85
29.18	8.93
29.20	8.83
29.23	9.01
29.25	8.87
29.27	8.99
29.30	8.82
29.32	8.98
29.35	8.89
29.37	9.09
29.40	8.90
29.42	9.08
29.45	8.89
29.47	9.08
29.49	8.96
29.52	9.15
29.54	8.99
29.57	9.22
29.59	9.07
29.62	9.32
29.64	9.17
29.67	9.39
29.69	9.23
29.71	9.45
29.74	9.30
29.76	9.55
29.79	9.42
29.81	9.64
29.84	9.52
29.86	9.77
29.89	9.64
29.91	9.92
29.93	9.85
29.96	10.05
29.98	9.95
30.01	10.18
30.03	10.12
30.06	10.39
30.08	10.30
30.10	10.45
30.13	10.41
30.15	10.61
30.18	10.62
30.20	10.86
30.23	10.84
30.25	11.00
30.28	11.03
30.30	11.23
30.32	11.32
30.35	11.46
30.37	11.51
30.40	11.65
30.42	11.74
30.45	11.89
30.47	12.03
30.50	12.18
30.52	12.33
30.54	12.42
30.57	12.56
30.59	12.70
30.62	12.90
30.64	13.06
30.67	13.27
30.69	13.30
30.72	13.46
30.74	13.53
30.76	13.78
30.79	13.84
30.81	14.06
30.84	14.05
30.86	14.33
30.89	14.39
30.91	14.70
30.94	14.74
30.96	15.00
30.98	14.97
31.01	15.29
31.03	15.30
31.06	15.65
31.08	15.61
31.11	15.92
31.13	15.92
31.15	16.26
31.18	16.26
31.20	16.61
31.23	16.59
31.25	16.93
31.28	16.92
31.30	17.27
31.33	17.26
31.35	17.60
31.37	17.58
31.40	17.93
31.42	17.92
31.45	18.25
31.47	18.20
31.50	18.52
31.52	18.53
31.55	18.83
31.57	18.81
31.59	19.14
31.62	19.13
31.64	19.43
31.67	19.39
31.69	19.63
31.72	19.62
31.74	19.88
31.77	19.87
31.79	20.06
31.81	19.94
31.84	20.12
31.86	20.13
31.89	20.35
31.91	20.34
31.94	20.45
31.96	20.40
31.99	20.61
32.01	20.65
32.03	20.76
32.06	20.72
32.08	20.78
32.11	20.73
32.13	20.84
32.16	20.85
32.18	20.91
32.20	20.86
32.23	20.82
32.25	20.79
32.28	20.79
32.30	20.75
32.33	20.71
32.35	20.67
32.38	20.56
32.40	20.54
32.42	20.44
32.45	20.46
32.47	20.39
32.50	20.38
32.52	20.20
32.55	20.18
32.57	20.00
32.60	20.06
32.62	19.87
32.64	19.88
32.67	19.63
32.69	19.63
32.72	19.40
32.74	19.49
32.77	19.22
32.79	19.25
32.82	18.93
32.84	18.95
32.86	18.72
32.89	18.78
32.91	18.44
32.94	18.49
32.96	18.18
32.99	18.24
33.01	17.98
33.04	17.99
33.06	17.73
33.08	17.77
33.11	17.45
33.13	17.48
33.16	17.16
33.18	17.23
33.21	16.93
33.23	16.97
33.26	16.66
33.28	16.71
33.30	16.43
33.33	16.49
33.35	16.18
33.38	16.23
33.40	15.94
33.43	16.03
33.45	15.76
33.47	15.78
33.50	15.49
33.52	15.50
33.55	15.28
33.57	15.35
33.60	15.15
33.62	15.14
33.65	14.93
33.67	14.97
33.69	14.83
33.72	14.88
33.74	14.70
33.77	14.63
33.79	14.50
33.82	14.49
33.84	14.41
33.87	14.41
33.89	14.31
33.91	14.27
33.94	14.20
33.96	14.19
33.99	14.21
34.01	14.19
34.04	14.17
34.06	14.10
34.09	14.10
34.11	14.09
34.13	14.15
34.16	14.13
34.18	14.19
34.21	14.09
34.23	14.13
34.26	14.08
34.28	14.22
34.31	14.17
34.33	14.33
34.35	14.22
34.38	14.38
34.40	14.34
34.43	14.59
34.45	14.54
34.48	14.72
34.50	14.56
34.52	14.78
34.55	14.72
34.57	14.98
34.60	14.84
34.62	15.03
34.65	14.94
34.67	15.20
34.70	15.15
34.72	15.41
34.74	15.35
34.77	15.64
34.79	15.63
34.82	15.90
34.84	15.86
34.87	16.13
34.89	16.07
34.92	16.36
34.94	16.31
34.96	16.60
34.99	16.57
35.01	16.89
35.04	16.87
35.06	17.19
35.09	17.19
35.11	17.53
35.14	17.53
35.16	17.83
35.18	17.80
35.21	18.08
35.23	18.09
35.26	18.40
35.28	18.41
35.31	18.65
35.33	18.67
35.36	18.96
35.38	19.08
35.40	19.40
35.43	19.49
35.45	19.76
35.48	19.87
35.50	20.12
35.53	20.30
35.55	20.55
35.57	20.65
35.60	20.85
35.62	20.99
35.65	21.23
35.67	21.48
35.70	21.70
35.72	21.94
35.75	22.16
35.77	22.37
35.79	22.62
35.82	22.91
35.84	23.12
35.87	23.42
35.89	23.52
35.92	23.75
35.94	23.92
35.97	24.22
35.99	24.37
36.01	24.66
36.04	24.70
36.06	25.05
36.09	25.18
36.11	25.61
36.14	25.74
36.16	26.13
36.19	26.21
36.21	26.63
36.23	26.71
36.26	27.14
36.28	27.15
36.31	27.49
36.33	27.46
36.36	27.82
36.38	27.86
36.41	28.27
36.43	28.28
36.45	28.65
36.48	28.69
36.50	29.09
36.53	29.13
36.55	29.50
36.58	29.49
36.60	29.84
36.62	29.85
36.65	30.18
36.67	30.12
36.70	30.42
36.72	30.36
36.75	30.65
36.77	30.62
36.80	30.90
36.82	30.88
36.84	31.17
36.87	31.09
36.89	31.35
36.92	31.34
36.94	31.60
36.97	31.53
36.99	31.71
37.02	31.60
37.04	31.78
37.06	31.71
37.09	31.86
37.11	31.74
37.14	31.82
37.16	31.69
37.19	31.80
37.21	31.71
37.24	31.80
37.26	31.72
37.28	31.71
37.31	31.62
37.33	31.64
37.36	31.55
37.38	31.58
37.41	31.43
37.43	31.29
37.46	31.16
37.48	31.02
37.50	30.93
37.53	30.81
37.55	30.67
37.58	30.49
37.60	30.35
37.63	30.20
37.65	30.18
37.68	30.02
37.70	29.92
37.72	29.69
37.75	29.60
37.77	29.37
37.80	29.35
37.82	29.07
37.85	28.98
37.87	28.64
37.89	28.51
37.92	28.22
37.94	28.19
37.97	27.82
37.99	27.78
38.02	27.43
38.04	27.40
38.07	27.11
38.09	27.11
38.11	26.75
38.14	26.71
38.16	26.28
38.19	26.24
38.21	25.86
38.24	25.79
38.26	25.39
38.29	25.34
38.31	24.97
38.33	25.00
38.36	24.62
38.38	24.66
38.41	24.33
38.43	24.35
38.46	24.05
38.48	24.10
38.51	23.75
38.53	23.76
38.55	23.43
38.58	23.45
38.60	23.16
38.63	23.21
38.65	22.92
38.68	22.96
38.70	22.69
38.73	22.73
38.75	22.52
38.77	22.58
38.80	22.37
38.82	22.40
38.85	22.19
38.87	22.23
38.90	22.10
38.92	22.17
38.94	22.03
38.97	22.02
38.99	21.88
39.02	21.95
39.04	21.91
39.07	21.94
39.09	21.87
39.12	21.87
39.14	21.83
39.16	21.87
39.19	21.90
39.21	21.92
39.24	21.98
39.26	21.96
39.29	22.01
39.31	22.04
39.34	22.18
39.36	22.21
39.38	22.35
39.41	22.29
39.43	22.40
39.46	22.40
39.48	22.60
39.51	22.61
39.53	22.85
39.56	22.78
39.58	23.02
39.60	23.04
39.63	23.33
39.65	23.34
39.68	23.58
39.70	23.51
39.73	23.80
39.75	23.79
39.78	24.11
39.80	24.05
39.82	24.33
39.85	24.30
39.87	24.61
39.90	24.64
39.92	25.03
39.95	25.01
39.97	25.40
39.99	25.42
40.02	25.80
40.04	25.84
40.07	26.19
40.09	26.18
40.12	26.57
40.14	26.57
40.17	26.96
40.19	26.99
40.21	27.35
40.24	27.41
40.26	27.80
40.29	27.91
40.31	28.36
40.34	28.45
40.36	28.86
40.39	28.97
40.41	29.35
40.43	29.46
40.46	29.85
40.48	29.93
40.51	30.27
40.53	30.36
40.56	30.70
40.58	30.89
40.61	31.30
40.63	31.45
40.65	31.81
40.68	32.01
40.70	32.39
40.73	32.68
40.75	33.05
40.78	33.29
40.80	33.58
40.83	33.80
40.85	34.14
40.87	34.41
40.90	34.71
40.92	34.99
40.95	35.25
40.97	35.54
41.00	35.85
41.02	36.21
41.05	36.56
41.07	36.94
41.09	37.15
41.12	37.46
41.14	37.65
41.17	38.01
41.19	38.21
41.22	38.56
41.24	38.64
41.26	38.96
41.29	39.13
41.31	39.60
41.34	39.80
41.36	40.19
41.39	40.24
41.41	40.69
41.44	40.82
41.46	41.31
41.48	41.38
41.51	41.74
41.53	41.75
41.56	42.20
41.58	42.24
41.61	42.67
41.63	42.67
41.66	43.03
41.68	43.06
41.70	43.47
41.73	43.47
41.75	43.80
41.78	43.82
41.80	44.16
41.83	44.11
41.85	44.39
41.88	44.29
41.90	44.55
41.92	44.50
41.95	44.72
41.97	44.65
42.00	44.92
42.02	44.85
42.05	45.09
42.07	44.96
42.10	45.14
42.12	45.04
42.14	45.25
42.17	45.17
42.19	45.30
42.22	45.15
42.24	45.28
42.27	45.20
42.29	45.35
42.31	45.18
42.34	45.20
42.36	45.05
42.39	45.11
42.41	44.98
42.44	45.03
42.46	44.85
42.49	44.75
42.51	44.62
42.53	44.54
42.56	44.40
42.58	44.30
42.61	44.10
42.63	43.90
42.66	43.76
42.68	43.62
42.71	43.50
42.73	43.31
42.75	43.16
42.78	42.90
42.80	42.76
42.83	42.50
42.85	42.37
42.88	42.13
42.90	41.99
42.93	41.68
42.95	41.52
42.97	41.22
43.00	41.11
43.02	40.80
43.05	40.69
43.07	40.29
43.10	40.13
43.12	39.77
43.15	39.66
43.17	39.31
43.19	39.20
43.22	38.76
43.24	38.71
43.27	38.39
43.29	38.40
43.32	38.03
43.34	37.94
43.36	37.54
43.39	37.48
43.41	37.13
43.44	37.08
43.46	36.65
43.49	36.62
43.51	36.27
43.54	36.30
43.56	35.96
43.58	35.98
43.61	35.67
43.63	35.75
43.66	35.42
43.68	35.47
43.71	35.15
43.73	35.20
43.76	34.90
43.78	34.94
43.80	34.61
43.83	34.71
43.85	34.40
43.88	34.43
43.90	34.14
43.93	34.16
43.95	33.92
43.98	34.04
44.00	33.82
44.02	33.87
44.05	33.67
44.07	33.76
44.10	33.60
44.12	33.71
44.15	33.56
44.17	33.63
44.20	33.49
44.22	33.59
44.24	33.59
44.27	33.72
44.29	33.70
44.32	33.76
44.34	33.74
44.37	33.87
44.39	33.94
44.41	34.04
44.44	34.11
44.46	34.12
44.49	34.23
44.51	34.33
44.54	34.50
44.56	34.59
44.59	34.79
44.61	34.80
44.63	34.96
44.66	35.01
44.68	35.25
44.71	35.35
44.73	35.60
44.76	35.58
44.78	35.89
44.81	35.99
44.83	36.37
44.85	36.46
44.88	36.81
44.90	36.84
44.93	37.22
44.95	37.30
44.98	37.72
45.00	37.73
45.03	38.14
45.05	38.16
45.07	38.57
45.10	38.65
45.12	39.10
45.15	39.16
45.17	39.60
45.20	39.67
45.22	40.20
45.25	40.34
45.27	40.79
45.29	40.89
45.32	41.33
45.34	41.42
45.37	41.85
45.39	41.89
45.42	42.34
45.44	42.47
45.47	42.88
45.49	43.05
45.51	43.58
45.54	43.78
45.56	44.23
45.59	44.42
45.61	44.89
45.64	45.19
45.66	45.66
45.68	45.83
45.71	46.23
45.73	46.45
45.76	46.86
45.78	47.10
45.81	47.55
45.83	47.80
45.86	48.26
45.88	48.54
45.90	48.96
45.93	49.25
45.95	49.55
45.98	49.66
46.00	49.85
46.03	49.91
46.05	50.00
46.08	50.00
46.10	50.00
46.12	50.00
46.15	50.00
46.17	50.00
46.20	50.00
46.22	50.00
46.25	50.00
46.27	50.00
46.30	50.00
46.32	50.00
46.34	50.00
46.37	50.00
46.39	50.00
46.42	50.00
46.44	50.00
46.47	50.00
46.49	50.00
46.52	50.00
46.54	50.00
46.56	50.00
46.59	50.00
46.61	50.00
46.64	50.00
46.66	50.00
46.69	50.00
46.71	50.00
46.73	50.00
46.76	50.00
46.78	50.00
46.81	50.00
46.83	50.00
46.86	50.00
46.88	50.00
46.91	50.00
46.93	50.00
46.95	50.00
46.98	50.00
47.00	50.00
47.03	50.00
47.05	50.00
47.08	50.00
47.10	50.00
47.13	50.00
47.15	50.00
47.17	50.00
47.20	50.00
47.22	50.00
47.25	50.00
47.27	50.00
47.30	50.00
47.32	50.00
47.35	50.00
47.37	50.00
47.39	50.00
47.42	50.00
47.44	50.00
47.47	50.00
47.49	50.00
47.52	50.00
47.54	50.00
47.57	50.00
47.59	50.00
47.61	50.00
47.64	50.00
47.66	50.00
47.69	50.00
47.71	50.00
47.74	50.00
47.76	50.00
47.78	50.00
47.81	50.00
47.83	50.00
47.86	50.00
47.88	50.00
47.91	50.00
47.93	50.00
47.96	50.00
47.98	50.00
48.00	50.00
48.03	50.00
48.05	50.00
48.08	50.00
48.10	50.00
48.13	50.00
48.15	50.00
48.18	50.00
48.20	50.00
48.22	50.00
48.25	50.00
48.27	50.00
48.30	50.00
48.32	50.00
48.35	50.00
48.37	50.00
48.40	50.00
48.42	50.00
48.44	50.00
48.47	50.00
48.49	50.00
48.52	50.00
48.54	50.00
48.57	50.00
48.59	50.00
48.62	50.00
48.64	50.00
48.66	50.00
48.69	50.00
48.71	50.00
48.74	50.00
48.76	50.00
48.79	50.00
48.81	50.00
48.84	50.00
48.86	50.00
48.88	50.00
48.91	50.00
48.93	50.00
48.96	49.98
48.98	49.98
49.01	49.96
49.03	49.96
49.05	49.88
49.08	49.88
49.10	49.81
49.13	49.83
49.15	49.75
49.18	49.77
49.20	49.70
49.23	49.77
49.25	49.67
49.27	49.74
49.30	49.67
49.32	49.74
49.35	49.68
49.37	49.76
49.40	49.74
49.42	49.84
49.45	49.81
49.47	49.88
49.49	49.88
49.52	49.94
49.54	49.94
49.57	49.97
49.59	49.97
49.62	50.00
49.64	50.00
49.67	50.00
49.69	50.00
49.71	50.00
49.74	50.00
49.76	50.00
49.79	50.00
49.81	50.00
49.84	50.00
49.86	50.00
49.89	50.00
49.91	50.00
49.93	50.00
49.96	50.00
49.98	50.00
50.01	50.00
50.03	50.00
50.06	50.00
50.08	50.00
50.10	50.00
50.13	50.00
50.15	50.00
50.18	50.00
50.20	50.00
50.23	50.00
50.25	50.00
50.28	50.00
50.30	50.00
50.32	50.00
50.35	50.00
50.37	50.00
50.40	50.00
50.42	50.00
50.45	50.00
50.47	50.00
50.50	50.00
50.52	50.00
50.54	50.00
50.57	50.00
50.59	50.00
50.62	50.00
50.64	50.00
50.67	50.00
50.69	50.00
50.72	50.00
50.74	50.00
50.76	50.00
50.79	50.00
50.81	50.00
50.84	50.00
50.86	50.00
50.89	50.00
50.91	50.00
50.94	50.00
50.96	50.00
50.98	50.00
51.01	50.00
51.03	50.00
51.06	50.00
51.08	50.00
51.11	50.00
51.13	50.00
51.15	50.00
51.18	50.00
51.20	50.00
51.23	50.00
51.25	50.00
51.28	50.00
51.30	50.00
51.33	50.00
51.35	50.00
51.37	50.00
51.40	50.00
51.42	50.00
51.45	50.00
51.47	50.00
51.50	50.00
51.52	50.00
51.55	50.00
51.57	50.00
51.59	50.00
51.62	50.00
51.64	50.00
51.67	50.00
51.69	50.00
51.72	50.00
51.74	50.00
51.77	50.00
51.79	50.00
51.81	50.00
51.84	50.00
51.86	50.00
51.89	50.00
51.91	50.00
51.94	50.00
51.96	50.00
51.99	50.00
52.01	50.00
52.03	50.00
52.06	50.00
52.08	50.00
52.11	50.00
52.13	50.00
52.16	50.00
52.18	50.00
52.20	50.00
52.23	50.00
52.25	50.00
52.28	50.00
52.30	50.00
52.33	50.00
52.35	50.00
52.38	50.00
52.40	50.00
52.42	50.00
52.45	50.00
52.47	50.00
52.50	50.00
52.52	50.00
52.55	50.00
52.57	50.00
52.60	50.00
52.62	50.00
52.64	50.00
52.67	50.00
52.69	50.00
52.72	50.00
52.74	50.00
52.77	50.00
52.79	50.00
52.82	50.00
52.84	50.00
52.86	50.00
52.89	50.00
52.91	50.00
52.94	50.00
52.96	50.00
52.99	50.00
53.01	50.00
53.04	50.00
53.06	50.00
53.08	50.00
53.11	50.00
53.13	50.00
53.16	50.00
53.18	50.00
53.21	50.00
53.23	50.00
53.26	50.00
53.28	50.00
53.30	50.00
53.33	50.00
53.35	50.00
53.38	50.00
53.40	50.00
53.43	50.00
53.45	50.00
53.47	50.00
53.50	50.00
53.52	50.00
53.55	50.00
53.57	50.00
53.60	50.00
53.62	50.00
53.65	50.00
53.67	50.00
53.69	50.00
53.72	50.00
53.74	50.00
53.77	50.00
53.79	50.00
53.82	50.00
53.84	50.00
53.87	50.00
53.89	50.00
53.91	50.00
53.94	50.00
53.96	50.00
53.99	50.00
54.01	50.00
54.04	50.00
54.06	50.00
54.09	50.00
54.11	50.00
54.13	50.00
54.16	50.00
54.18	50.00
54.21	50.00
54.23	50.00
54.26	50.00
54.28	50.00
54.31	50.00
54.33	50.00
54.35	50.00
54.38	50.00
54.40	50.00
54.43	50.00
54.45	50.00
54.48	50.00
54.50	50.00
54.52	50.00
54.55	50.00
54.57	50.00
54.60	50.00
54.62	50.00
54.65	50.00
54.67	50.00
54.70	50.00
54.72	50.00
54.74	50.00
54.77	50.00
54.79	50.00
54.82	50.00
54.84	50.00
54.87	50.00
54.89	50.00
54.92	50.00
54.94	50.00
54.96	50.00
54.99	50.00
55.01	50.00
55.04	50.00
55.06	50.00
55.09	50.00
55.11	50.00
55.14	50.00
55.16	50.00
55.18	50.00
55.21	50.00
55.23	50.00
55.26	50.00
55.28	50.00
55.31	50.00
55.33	50.00
55.36	50.00
55.38	50.00
55.40	50.00
55.43	50.00
55.45	50.00
55.48	50.00
55.50	50.00
55.53	50.00
55.55	50.00
55.57	50.00
55.60	50.00
55.62	50.00
55.65	50.00
55.67	50.00
55.70	50.00
55.72	50.00
55.75	50.00
55.77	50.00
55.79	50.00
55.82	50.00
55.84	50.00
55.87	50.00
55.89	50.00
55.92	50.00
55.94	50.00
55.97	50.00
55.99	50.00
56.01	50.00
56.04	50.00
56.06	50.00
56.09	50.00
56.11	50.00
56.14	50.00
56.16	50.00
56.19	50.00
56.21	50.00
56.23	50.00
56.26	50.00
56.28	50.00
56.31	50.00
56.33	50.00
56.36	50.00
56.38	50.00
56.41	50.00
56.43	50.00
56.45	50.00
56.48	50.00
56.50	50.00
56.53	50.00
56.55	50.00
56.58	50.00
56.60	50.00
56.62	50.00
56.65	50.00
56.67	50.00
56.70	50.00
56.72	50.00
56.75	50.00
56.77	50.00
56.80	50.00
56.82	50.00
56.84	50.00
56.87	50.00
56.89	50.00
56.92	50.00
56.94	50.00
56.97	50.00
56.99	50.00
57.02	50.00
57.04	50.00
57.06	50.00
57.09	50.00
57.11	50.00
57.14	50.00
57.16	50.00
57.19	50.00
57.21	50.00
57.24	50.00
57.26	50.00
57.28	50.00
57.31	50.00
57.33	50.00
57.36	50.00
57.38	50.00
57.41	50.00
57.43	50.00
57.46	50.00
57.48	50.00
57.50	50.00
57.53	50.00
57.55	50.00
57.58	50.00
57.60	50.00
57.63	50.00
57.65	50.00
57.68	50.00
57.70	50.00
57.72	50.00
57.75	50.00
57.77	50.00
57.80	50.00
57.82	50.00
57.85	50.00
57.87	50.00
57.89	50.00
57.92	50.00
57.94	50.00
57.97	50.00
57.99	50.00
58.02	50.00
58.04	50.00
58.07	50.00
58.09	50.00
58.11	50.00
58.14	50.00
58.16	50.00
58.19	50.00
58.21	50.00
58.24	50.00
58.26	50.00
58.29	50.00
58.31	50.00
58.33	50.00
58.36	50.00
58.38	50.00
58.41	50.00
58.43	50.00
58.46	50.00
58.48	50.00
58.51	50.00
58.53	50.00
58.55	50.00
58.58	50.00
58.60	50.00
58.63	50.00
58.65	50.00
58.68	50.00
58.70	50.00
58.73	50.00
58.75	50.00
58.77	50.00
58.80	50.00
58.82	50.00
58.85	50.00
58.87	50.00
58.90	50.00
58.92	50.00
58.94	50.00
58.97	50.00
58.99	50.00
59.02	50.00
59.04	50.00
59.07	50.00
59.09	50.00
59.12	50.00
59.14	50.00
59.16	50.00
59.19	50.00
59.21	50.00
59.24	50.00
59.26	50.00
59.29	50.00
59.31	50.00
59.34	50.00
59.36	50.00
59.38	50.00
59.41	50.00
59.43	50.00
59.46	50.00
59.48	50.00
59.51	50.00
59.53	50.00
59.56	50.00
59.58	50.00
59.60	50.00
59.63	50.00
59.65	50.00
59.68	50.00
59.70	50.00
59.73	50.00
59.75	50.00
59.78	50.00
59.80	50.00
59.82	50.00
59.85	50.00
59.87	50.00
59.90	50.00
59.92	50.00
59.95	50.00
59.97	50.00
59.99	50.00
