U1	I
0.02	0.79
0.04	0.70
0.07	0.73
0.09	0.71
0.12	0.78
0.14	0.62
0.17	0.70
0.19	0.60
0.21	0.74
0.24	0.65
0.26	0.74
0.29	0.55
0.31	0.71
0.34	0.58
0.36	0.77
0.39	0.63
0.41	0.76
0.43	0.57
0.46	0.74
0.48	0.60
0.51	0.78
0.53	0.59
0.56	0.71
0.58	0.54
0.61	0.74
0.63	0.56
0.65	0.73
0.68	0.56
0.70	0.77
0.73	0.62
0.75	0.78
0.78	0.59
0.80	0.78
0.83	0.60
0.85	0.78
0.87	0.56
0.90	0.76
0.92	0.62
0.95	0.77
0.97	0.61
1.00	0.74
1.02	0.62
1.05	0.84
1.07	0.69
1.09	0.78
1.12	0.64
1.14	0.71
1.17	0.65
1.19	0.78
1.22	0.66
1.24	0.72
1.26	0.63
1.29	0.73
1.31	0.75
1.34	0.81
1.36	0.72
1.39	0.70
1.41	0.65
1.44	0.68
1.46	0.69
1.48	0.70
1.51	0.67
1.53	0.64
1.56	0.65
1.58	0.62
1.61	0.70
1.63	0.66
1.66	0.72
1.68	0.61
1.70	0.68
1.73	0.59
1.75	0.73
1.78	0.68
1.80	0.80
1.83	0.63
1.85	0.77
1.88	0.64
1.90	0.84
1.92	0.69
1.95	0.81
1.97	0.62
2.00	0.78
2.02	0.63
2.05	0.82
2.07	0.61
2.10	0.77
2.12	0.57
2.14	0.72
2.17	0.56
2.19	0.73
2.22	0.56
2.24	0.75
2.27	0.56
2.29	0.73
2.31	0.57
2.34	0.76
2.36	0.59
2.39	0.76
2.41	0.58
2.44	0.78
2.46	0.62
2.49	0.79
2.51	0.63
2.53	0.79
2.56	0.65
2.58	0.84
2.61	0.70
2.63	0.82
2.66	0.67
2.68	0.77
2.71	0.66
2.73	0.78
2.75	0.66
2.78	0.72
2.80	0.59
2.83	0.69
2.85	0.66
2.88	0.75
2.90	0.69
2.93	0.72
2.95	0.66
2.97	0.72
3.00	0.70
3.02	0.73
3.05	0.74
3.07	0.67
3.10	0.68
3.12	0.67
3.15	0.74
3.17	0.75
3.19	0.78
3.22	0.68
3.24	0.73
3.27	0.67
3.29	0.78
3.32	0.71
3.34	0.79
3.36	0.66
3.39	0.75
3.41	0.64
3.44	0.76
3.46	0.64
3.49	0.73
3.51	0.54
3.54	0.65
3.56	0.54
3.58	0.73
3.61	0.59
3.63	0.74
3.66	0.58
3.68	0.75
3.71	0.61
3.73	0.76
3.76	0.55
3.78	0.72
3.80	0.53
3.83	0.72
3.85	0.58
3.88	0.79
3.90	0.62
3.93	0.81
3.95	0.62
3.98	0.81
4.00	0.61
4.02	0.77
4.05	0.58
4.07	0.73
4.10	0.56
4.12	0.75
4.15	0.59
4.17	0.75
4.20	0.57
4.22	0.68
4.24	0.60
4.27	0.78
4.29	0.63
4.32	0.73
4.34	0.59
4.37	0.71
4.39	0.66
4.42	0.76
4.44	0.69
4.46	0.75
4.49	0.65
4.51	0.74
4.54	0.72
4.56	0.78
4.59	0.73
4.61	0.69
4.63	0.65
4.66	0.69
4.68	0.70
4.71	0.72
4.73	0.73
4.76	0.64
4.78	0.67
4.81	0.65
4.83	0.72
4.85	0.71
4.88	0.78
4.90	0.66
4.93	0.71
4.95	0.60
4.98	0.77
5.00	0.70
5.03	0.74
5.05	0.56
5.07	0.68
5.10	0.58
5.12	0.79
5.15	0.64
5.17	0.76
5.20	0.61
5.22	0.77
5.25	0.65
5.27	0.83
5.29	0.65
5.32	0.80
5.34	0.63
5.37	0.84
5.39	0.69
5.42	0.84
5.44	0.68
5.47	0.83
5.49	0.63
5.51	0.79
5.54	0.59
5.56	0.79
5.59	0.62
5.61	0.78
5.64	0.61
5.66	0.77
5.68	0.62
5.71	0.79
5.73	0.59
5.76	0.74
5.78	0.61
5.81	0.82
5.83	0.70
5.86	0.81
5.88	0.64
5.90	0.76
5.93	0.67
5.95	0.80
5.98	0.67
6.00	0.74
6.03	0.63
6.05	0.73
6.08	0.70
6.10	0.80
6.12	0.72
6.15	0.72
6.17	0.67
6.20	0.72
6.22	0.73
6.25	0.76
6.27	0.73
6.30	0.69
6.32	0.72
6.34	0.71
6.37	0.77
6.39	0.74
6.42	0.78
6.44	0.68
6.47	0.69
6.49	0.62
6.52	0.72
6.54	0.65
6.56	0.73
6.59	0.56
6.61	0.69
6.64	0.64
6.66	0.83
6.69	0.71
6.71	0.86
6.73	0.70
6.76	0.87
6.78	0.73
6.81	0.89
6.83	0.73
6.86	0.89
6.88	0.68
6.91	0.88
6.93	0.72
6.95	0.90
6.98	0.72
7.00	0.84
7.03	0.66
7.05	0.84
7.08	0.66
7.10	0.86
7.13	0.68
7.15	0.87
7.17	0.71
7.20	0.89
7.22	0.72
7.25	0.90
7.27	0.72
7.30	0.89
7.32	0.74
7.35	0.94
7.37	0.80
7.39	0.92
7.42	0.75
7.44	0.88
7.47	0.77
7.49	0.94
7.52	0.80
7.54	0.88
7.57	0.77
7.59	0.87
7.61	0.82
7.64	0.94
7.66	0.83
7.69	0.87
7.71	0.80
7.74	0.86
7.76	0.87
7.78	0.91
7.81	0.85
7.83	0.86
7.86	0.83
7.88	0.86
7.91	0.95
7.93	0.96
7.96	0.99
7.98	0.92
8.00	0.95
8.03	0.91
8.05	0.98
8.08	0.90
8.10	0.95
8.13	0.83
8.15	0.89
8.18	0.81
8.20	0.96
8.22	0.88
8.25	0.96
8.27	0.81
8.30	0.93
8.32	0.84
8.35	1.03
8.37	0.90
8.40	1.02
8.42	0.86
8.44	1.04
8.47	0.88
8.49	1.07
8.52	0.88
8.54	1.02
8.57	0.87
8.59	1.04
8.62	0.88
8.64	1.10
8.66	0.94
8.69	1.13
8.71	0.96
8.74	1.12
8.76	0.93
8.79	1.11
8.81	0.93
8.84	1.11
8.86	0.91
8.88	1.08
8.91	0.97
8.93	1.15
8.96	0.96
8.98	1.08
9.01	0.94
9.03	1.16
9.05	1.03
9.08	1.11
9.10	0.97
9.13	1.08
9.15	1.02
9.18	1.16
9.20	1.03
9.23	1.08
9.25	1.00
9.27	1.06
9.30	1.05
9.32	1.12
9.35	1.05
9.37	1.09
9.40	1.04
9.42	1.07
9.45	1.10
9.47	1.13
9.49	1.11
9.52	1.07
9.54	1.07
9.57	1.07
9.59	1.11
9.62	1.13
9.64	1.19
9.67	1.12
9.69	1.13
9.71	1.04
9.74	1.16
9.76	1.12
9.79	1.21
9.81	1.05
9.84	1.14
9.86	1.03
9.89	1.19
9.91	1.09
9.93	1.20
9.96	1.03
9.98	1.17
10.01	1.05
10.03	1.28
10.06	1.12
10.08	1.25
10.10	1.08
10.13	1.23
10.15	1.07
10.18	1.24
10.20	1.06
10.23	1.23
10.25	1.05
10.28	1.25
10.30	1.07
10.32	1.27
10.35	1.12
10.37	1.32
10.40	1.13
10.42	1.35
10.45	1.17
10.47	1.35
10.50	1.17
10.52	1.32
10.54	1.13
10.57	1.35
10.59	1.19
10.62	1.33
10.64	1.15
10.67	1.27
10.69	1.15
10.72	1.31
10.74	1.20
10.76	1.29
10.79	1.15
10.81	1.28
10.84	1.28
10.86	1.40
10.89	1.32
10.91	1.34
10.94	1.27
10.96	1.36
10.98	1.35
11.01	1.37
11.03	1.33
11.06	1.32
11.08	1.31
11.11	1.35
11.13	1.39
11.15	1.39
11.18	1.40
11.20	1.34
11.23	1.39
11.25	1.34
11.28	1.43
11.30	1.39
11.33	1.48
11.35	1.34
11.37	1.41
11.40	1.31
11.42	1.48
11.45	1.37
11.47	1.46
11.50	1.31
11.52	1.46
11.55	1.38
11.57	1.58
11.59	1.43
11.62	1.60
11.64	1.43
11.67	1.62
11.69	1.50
11.72	1.65
11.74	1.42
11.77	1.58
11.79	1.37
11.81	1.56
11.84	1.42
11.86	1.60
11.89	1.44
11.91	1.68
11.94	1.49
11.96	1.72
11.99	1.55
12.01	1.72
12.03	1.54
12.06	1.69
12.08	1.51
12.11	1.72
12.13	1.53
12.16	1.70
12.18	1.53
12.21	1.68
12.23	1.59
12.25	1.79
12.28	1.67
12.30	1.82
12.33	1.69
12.35	1.81
12.38	1.75
12.40	1.89
12.42	1.78
12.45	1.82
12.47	1.71
12.50	1.81
12.52	1.80
12.55	1.88
12.57	1.82
12.60	1.83
12.62	1.81
12.64	1.86
12.67	1.89
12.69	1.92
12.72	1.92
12.74	1.87
12.77	1.91
12.79	1.88
12.82	2.01
12.84	1.97
12.86	2.03
12.89	1.93
12.91	1.98
12.94	1.92
12.96	2.07
12.99	1.96
13.01	2.09
13.04	1.91
13.06	2.01
13.08	1.93
13.11	2.08
13.13	1.96
13.16	2.06
13.18	1.87
13.21	2.04
13.23	1.91
13.26	2.07
13.28	1.89
13.30	2.04
13.33	1.88
13.35	2.07
13.38	1.94
13.40	2.14
13.43	2.00
13.45	2.18
13.47	2.00
13.50	2.18
13.52	1.99
13.55	2.15
13.57	1.95
13.60	2.11
13.62	1.92
13.65	2.10
13.67	1.90
13.69	2.11
13.72	1.94
13.74	2.12
13.77	1.99
13.79	2.20
13.82	2.08
13.84	2.22
13.87	2.01
13.89	2.13
13.91	2.02
13.94	2.15
13.96	2.03
13.99	2.10
14.01	1.98
14.04	2.10
14.06	2.07
14.09	2.18
14.11	2.10
14.13	2.09
14.16	2.05
14.18	2.08
14.21	2.04
14.23	2.10
14.26	2.03
14.28	1.99
14.31	1.97
14.33	1.93
14.35	2.00
14.38	2.03
14.40	2.03
14.43	1.99
14.45	2.01
14.48	1.98
14.50	2.13
14.52	2.07
14.55	2.16
14.57	2.00
14.60	2.07
14.62	2.01
14.65	2.17
14.67	2.03
14.70	2.14
14.72	1.96
14.74	2.13
14.77	2.03
14.79	2.17
14.82	2.00
14.84	2.15
14.87	1.96
14.89	2.15
14.92	1.99
14.94	2.15
14.96	1.97
14.99	2.14
15.01	1.93
15.04	2.11
15.06	1.95
15.09	2.13
15.11	1.95
15.14	2.14
15.16	1.95
15.18	2.13
15.21	1.97
15.23	2.14
15.26	2.00
15.28	2.17
15.31	2.03
15.33	2.25
15.36	2.13
15.38	2.28
15.40	2.09
15.43	2.21
15.45	2.09
15.48	2.29
15.50	2.18
15.53	2.28
15.55	2.17
15.57	2.32
15.60	2.27
15.62	2.44
15.65	2.31
15.67	2.34
15.70	2.27
15.72	2.31
15.75	2.28
15.77	2.34
15.79	2.30
15.82	2.30
15.84	2.28
15.87	2.33
15.89	2.43
15.92	2.45
15.94	2.48
15.97	2.42
15.99	2.49
16.01	2.48
16.04	2.56
16.06	2.52
16.09	2.62
16.11	2.53
16.14	2.61
16.16	2.54
16.19	2.69
16.21	2.62
16.23	2.78
16.26	2.64
16.28	2.78
16.31	2.69
16.33	2.87
16.36	2.79
16.38	2.93
16.41	2.73
16.43	2.90
16.45	2.76
16.48	2.96
16.50	2.82
16.53	2.96
16.55	2.83
16.58	3.05
16.60	2.93
16.63	3.18
16.65	3.03
16.67	3.21
16.70	3.07
16.72	3.26
16.75	3.09
16.77	3.29
16.80	3.11
16.82	3.33
16.84	3.21
16.87	3.43
16.89	3.32
16.92	3.52
16.94	3.35
16.97	3.51
16.99	3.40
17.02	3.62
17.04	3.52
17.06	3.63
17.09	3.54
17.11	3.70
17.14	3.67
17.16	3.82
17.19	3.74
17.21	3.80
17.24	3.74
17.26	3.82
17.28	3.80
17.31	3.89
17.33	3.86
17.36	3.90
17.38	3.89
17.41	3.94
17.43	3.98
17.46	4.02
17.48	4.03
17.50	3.98
17.53	3.99
17.55	3.97
17.58	4.06
17.60	4.06
17.63	4.14
17.65	4.02
17.68	4.07
17.70	4.00
17.72	4.16
17.75	4.06
17.77	4.16
17.80	3.97
17.82	4.11
17.85	4.02
17.87	4.15
17.89	4.01
17.92	4.15
17.94	3.94
17.97	4.13
17.99	3.99
18.02	4.16
18.04	3.99
18.07	4.11
18.09	3.94
18.11	4.17
18.14	3.99
18.16	4.17
18.19	3.97
18.21	4.17
18.24	3.99
18.26	4.16
18.29	3.94
18.31	4.12
18.33	3.94
18.36	4.12
18.38	3.88
18.41	4.07
18.43	3.86
18.46	3.98
18.48	3.79
18.51	3.90
18.53	3.73
18.55	3.94
18.58	3.77
18.60	3.87
18.63	3.71
18.65	3.80
18.68	3.71
18.70	3.84
18.73	3.71
18.75	3.76
18.77	3.62
18.80	3.69
18.82	3.67
18.85	3.73
18.87	3.63
18.90	3.61
18.92	3.54
18.94	3.60
18.97	3.62
18.99	3.60
19.02	3.58
19.04	3.53
19.07	3.51
19.09	3.50
19.12	3.57
19.14	3.53
19.16	3.57
19.19	3.46
19.21	3.47
19.24	3.41
19.26	3.52
19.29	3.42
19.31	3.45
19.34	3.29
19.36	3.38
19.38	3.28
19.41	3.41
19.43	3.26
19.46	3.39
19.48	3.22
19.51	3.33
19.53	3.18
19.56	3.38
19.58	3.21
19.60	3.35
19.63	3.15
19.65	3.33
19.68	3.20
19.70	3.41
19.73	3.21
19.75	3.37
19.78	3.19
19.80	3.35
19.82	3.20
19.85	3.35
19.87	3.17
19.90	3.36
19.92	3.19
19.95	3.40
19.97	3.24
19.99	3.42
20.02	3.29
20.04	3.43
20.07	3.30
20.09	3.50
20.12	3.36
20.14	3.50
20.17	3.36
20.19	3.48
20.21	3.43
20.24	3.58
20.26	3.48
20.29	3.58
20.31	3.49
20.34	3.61
20.36	3.60
20.39	3.70
20.41	3.66
20.43	3.71
20.46	3.66
20.48	3.74
20.51	3.76
20.53	3.81
20.56	3.86
20.58	3.85
20.61	3.92
20.63	3.95
20.65	4.06
20.68	4.09
20.70	4.18
20.73	4.10
20.75	4.16
20.78	4.09
20.80	4.25
20.83	4.21
20.85	4.33
20.87	4.23
20.90	4.38
20.92	4.33
20.95	4.56
20.97	4.45
21.00	4.62
21.02	4.53
21.05	4.73
21.07	4.65
21.09	4.91
21.12	4.79
21.14	5.01
21.17	4.90
21.19	5.15
21.22	5.03
21.24	5.27
21.26	5.15
21.29	5.40
21.31	5.28
21.34	5.51
21.36	5.39
21.39	5.63
21.41	5.53
21.44	5.76
21.46	5.65
21.48	5.90
21.51	5.78
21.53	5.98
21.56	5.89
21.58	6.11
21.61	6.01
21.63	6.26
21.66	6.21
21.68	6.44
21.70	6.32
21.73	6.49
21.75	6.46
21.78	6.68
21.80	6.62
21.83	6.73
21.85	6.68
21.88	6.86
21.90	6.90
21.92	7.03
21.95	7.02
21.97	7.07
22.00	7.07
22.02	7.17
22.05	7.22
22.07	7.30
22.10	7.33
22.12	7.34
22.14	7.40
22.17	7.43
22.19	7.52
22.22	7.55
22.24	7.61
22.27	7.53
22.29	7.57
22.31	7.50
22.34	7.62
22.36	7.57
22.39	7.65
22.41	7.54
22.44	7.65
22.46	7.56
22.49	7.79
22.51	7.68
22.53	7.78
22.56	7.61
22.58	7.73
22.61	7.60
22.63	7.76
22.66	7.55
22.68	7.69
22.71	7.49
22.73	7.65
22.75	7.50
22.78	7.64
22.80	7.45
22.83	7.59
22.85	7.38
22.88	7.59
22.90	7.35
22.93	7.49
22.95	7.28
22.97	7.45
23.00	7.21
23.02	7.36
23.05	7.11
23.07	7.26
23.10	7.01
23.12	7.13
23.15	6.92
23.17	7.06
23.19	6.87
23.22	6.97
23.24	6.74
23.27	6.83
23.29	6.69
23.32	6.79
23.34	6.62
23.36	6.62
23.39	6.44
23.41	6.50
23.44	6.39
23.46	6.44
23.49	6.35
23.51	6.31
23.54	6.22
23.56	6.23
23.58	6.19
23.61	6.19
23.63	6.11
23.66	5.99
23.68	5.92
23.71	5.84
23.73	5.86
23.76	5.81
23.78	5.80
23.80	5.66
23.83	5.67
23.85	5.60
23.88	5.70
23.90	5.60
23.93	5.64
23.95	5.48
23.98	5.53
24.00	5.38
24.02	5.50
24.05	5.34
24.07	5.43
24.10	5.20
24.12	5.31
24.15	5.19
24.17	5.32
24.20	5.13
24.22	5.26
24.24	5.08
24.27	5.25
24.29	5.09
24.32	5.25
24.34	5.09
24.37	5.25
24.39	5.05
24.42	5.19
24.44	4.99
24.46	5.17
24.49	5.00
24.51	5.20
24.54	5.03
24.56	5.20
24.59	5.03
24.61	5.25
24.63	5.08
24.66	5.22
24.68	5.07
24.71	5.29
24.73	5.20
24.76	5.36
24.78	5.19
24.81	5.34
24.83	5.28
24.85	5.44
24.88	5.32
24.90	5.41
24.93	5.34
24.95	5.51
24.98	5.49
25.00	5.64
25.03	5.60
25.05	5.68
25.07	5.68
25.10	5.78
25.12	5.82
25.15	5.91
25.17	5.90
25.20	5.92
25.22	5.98
25.25	6.01
25.27	6.10
25.29	6.12
25.32	6.20
25.34	6.20
25.37	6.29
25.39	6.27
25.42	6.47
25.44	6.47
25.47	6.65
25.49	6.56
25.51	6.71
25.54	6.72
25.56	6.94
25.59	6.88
25.61	7.10
25.64	6.95
25.66	7.23
25.68	7.25
25.71	7.47
25.73	7.39
25.76	7.62
25.78	7.53
25.81	7.87
25.83	7.77
25.86	7.96
25.88	7.91
25.90	8.17
25.93	8.08
25.95	8.35
25.98	8.26
26.00	8.56
26.03	8.52
26.05	8.79
26.08	8.76
26.10	9.06
26.12	9.01
26.15	9.30
26.17	9.23
26.20	9.49
26.22	9.44
26.25	9.74
26.27	9.73
26.30	9.96
26.32	9.90
26.34	10.18
26.37	10.20
26.39	10.48
26.42	10.50
26.44	10.68
26.47	10.69
26.49	10.88
26.52	10.91
26.54	11.13
26.56	11.14
26.59	11.22
26.61	11.28
26.64	11.42
26.66	11.53
26.69	11.70
26.71	11.80
26.73	11.87
26.76	12.02
26.78	12.09
26.81	12.30
26.83	12.38
26.86	12.50
26.88	12.47
26.91	12.59
26.93	12.59
26.95	12.80
26.98	12.78
27.00	12.95
27.03	12.85
27.05	12.98
27.08	12.94
27.10	13.12
27.13	13.01
27.15	13.16
27.17	12.98
27.20	13.17
27.22	13.06
27.25	13.27
27.27	13.13
27.30	13.26
27.32	13.04
27.35	13.22
27.37	13.05
27.39	13.22
27.42	13.00
27.44	13.15
27.47	12.94
27.49	13.11
27.52	12.90
27.54	13.06
27.57	12.83
27.59	12.96
27.61	12.74
27.64	12.87
27.66	12.62
27.69	12.73
27.71	12.46
27.74	12.53
27.76	12.30
27.78	12.39
27.81	12.17
27.83	12.20
27.86	11.95
27.88	11.99
27.91	11.80
27.93	11.88
27.96	11.68
27.98	11.67
28.00	11.50
28.03	11.51
28.05	11.36
28.08	11.36
28.10	11.12
28.13	11.04
28.15	10.88
28.18	10.81
28.20	10.67
28.22	10.60
28.25	10.47
28.27	10.38
28.30	10.26
28.32	10.13
28.35	10.11
28.37	10.04
28.40	9.98
28.42	9.80
28.44	9.71
28.47	9.57
28.49	9.58
28.52	9.41
28.54	9.37
28.57	9.13
28.59	9.15
28.62	9.01
28.64	9.08
28.66	8.87
28.69	8.91
28.71	8.68
28.74	8.80
28.76	8.58
28.79	8.63
28.81	8.38
28.84	8.46
28.86	8.21
28.88	8.35
28.91	8.12
28.93	8.26
28.96	8.07
28.98	8.22
29.01	8.03
29.03	8.20
29.05	7.96
29.08	8.12
29.10	7.93
29.13	8.08
29.15	7.85
29.18	8.02
29.20	7.83
29.23	7.98
29.25	7.78
29.27	7.93
29.30	7.76
29.32	7.96
29.35	7.85
29.37	7.96
29.40	7.83
29.42	7.95
29.45	7.85
29.47	8.05
29.49	7.97
29.52	8.04
29.54	7.98
29.57	8.10
29.59	8.12
29.62	8.26
29.64	8.20
29.67	8.24
29.69	8.20
29.71	8.29
29.74	8.34
29.76	8.41
29.79	8.45
29.81	8.47
29.84	8.56
29.86	8.66
29.89	8.83
29.91	8.90
29.93	9.05
29.96	9.03
29.98	9.17
30.01	9.15
30.03	9.36
30.06	9.35
30.08	9.53
30.10	9.40
30.13	9.62
30.15	9.61
30.18	9.96
30.20	9.96
30.23	10.21
30.25	10.14
30.28	10.46
30.30	10.39
30.32	10.67
30.35	10.54
30.37	10.78
30.40	10.71
30.42	11.03
30.45	10.98
30.47	11.35
30.50	11.32
30.52	11.66
30.54	11.61
30.57	11.93
30.59	11.91
30.62	12.25
30.64	12.24
30.67	12.55
30.69	12.49
30.72	12.80
30.74	12.80
30.76	13.06
30.79	13.03
30.81	13.28
30.84	13.33
30.86	13.72
30.89	13.79
30.91	14.04
30.94	14.14
30.96	14.45
30.98	14.57
31.01	14.87
31.03	14.89
31.06	15.10
31.08	15.19
31.11	15.42
31.13	15.55
31.15	15.78
31.18	15.90
31.20	16.13
31.23	16.28
31.25	16.53
31.28	16.75
31.30	16.97
31.33	17.19
31.35	17.33
31.37	17.48
31.40	17.64
31.42	17.89
31.45	18.01
31.47	18.22
31.50	18.22
31.52	18.44
31.55	18.56
31.57	18.85
31.59	18.93
31.62	19.22
31.64	19.24
31.67	19.55
31.69	19.58
31.72	19.89
31.74	19.88
31.77	20.09
31.79	19.97
31.81	20.22
31.84	20.15
31.86	20.45
31.89	20.36
31.91	20.55
31.94	20.45
31.96	20.75
31.99	20.68
32.01	20.90
32.03	20.73
32.06	20.93
32.08	20.82
32.11	21.00
32.13	20.82
32.16	20.97
32.18	20.82
32.20	21.04
32.23	20.86
32.25	21.02
32.28	20.88
32.30	21.01
32.33	20.82
32.35	20.92
32.38	20.70
32.40	20.87
32.42	20.67
32.45	20.73
32.47	20.51
32.50	20.55
32.52	20.37
32.55	20.42
32.57	20.17
32.60	20.12
32.62	19.83
32.64	19.79
32.67	19.64
32.69	19.58
32.72	19.39
32.74	19.26
32.77	19.08
32.79	19.04
32.82	18.91
32.84	18.77
32.86	18.61
32.89	18.38
32.91	18.22
32.94	18.01
32.96	17.86
32.99	17.65
33.01	17.50
33.04	17.19
33.06	17.06
33.08	16.81
33.11	16.76
33.13	16.58
33.16	16.51
33.18	16.22
33.21	16.18
33.23	15.92
33.26	15.97
33.28	15.70
33.30	15.63
33.33	15.30
33.35	15.25
33.38	15.00
33.40	15.05
33.43	14.69
33.45	14.71
33.47	14.42
33.50	14.51
33.52	14.28
33.55	14.31
33.57	13.98
33.60	14.05
33.62	13.74
33.65	13.80
33.67	13.48
33.69	13.55
33.72	13.28
33.74	13.38
33.77	13.09
33.79	13.20
33.82	12.96
33.84	13.04
33.87	12.79
33.89	12.85
33.91	12.64
33.94	12.77
33.96	12.57
33.99	12.61
34.01	12.40
34.04	12.48
34.06	12.37
34.09	12.45
34.11	12.33
34.13	12.37
34.16	12.27
34.18	12.34
34.21	12.32
34.23	12.41
34.26	12.34
34.28	12.36
34.31	12.32
34.33	12.37
34.35	12.44
34.38	12.50
34.40	12.56
34.43	12.60
34.45	12.65
34.48	12.69
34.50	12.84
34.52	12.87
34.55	12.98
34.57	12.92
34.60	13.03
34.62	13.05
34.65	13.24
34.67	13.27
34.70	13.50
34.72	13.41
34.74	13.66
34.77	13.70
34.79	14.02
34.82	14.02
34.84	14.27
34.87	14.20
34.89	14.53
34.92	14.51
34.94	14.82
34.96	14.76
34.99	15.10
35.01	15.06
35.04	15.42
35.06	15.43
35.09	15.78
35.11	15.78
35.14	16.15
35.16	16.10
35.18	16.47
35.21	16.42
35.23	16.73
35.26	16.73
35.28	17.07
35.31	17.04
35.33	17.41
35.36	17.43
35.38	17.78
35.40	17.85
35.43	18.21
35.45	18.28
35.48	18.69
35.50	18.79
35.53	19.13
35.55	19.15
35.57	19.43
35.60	19.56
35.62	19.89
35.65	20.00
35.67	20.27
35.70	20.37
35.72	20.74
35.75	20.98
35.77	21.30
35.79	21.46
35.82	21.72
35.84	21.93
35.87	22.27
35.89	22.52
35.92	22.78
35.94	23.00
35.97	23.22
35.99	23.48
36.01	23.68
36.04	23.98
36.06	24.26
36.09	24.60
36.11	24.75
36.14	25.08
36.16	25.29
36.19	25.72
36.21	25.92
36.23	26.28
36.26	26.37
36.28	26.75
36.31	26.90
36.33	27.34
36.36	27.43
36.38	27.78
36.41	27.85
36.43	28.27
36.45	28.35
36.48	28.77
36.50	28.86
36.53	29.22
36.55	29.22
36.58	29.61
36.60	29.66
36.62	30.03
36.65	29.99
36.67	30.30
36.70	30.30
36.72	30.70
36.75	30.66
36.77	30.99
36.80	31.01
36.82	31.37
36.84	31.32
36.87	31.59
36.89	31.50
36.92	31.76
36.94	31.62
36.97	31.81
36.99	31.70
37.02	31.91
37.04	31.86
37.06	32.02
37.09	31.87
37.11	32.02
37.14	31.94
37.16	32.10
37.19	31.99
37.21	32.04
37.24	31.87
37.26	31.92
37.28	31.85
37.31	31.89
37.33	31.73
37.36	31.66
37.38	31.50
37.41	31.46
37.43	31.34
37.46	31.25
37.48	31.06
37.50	30.88
37.53	30.69
37.55	30.52
37.58	30.37
37.60	30.21
37.63	30.05
37.65	29.80
37.68	29.63
37.70	29.40
37.72	29.29
37.75	29.06
37.77	28.92
37.80	28.58
37.82	28.44
37.85	28.12
37.87	28.02
37.89	27.68
37.92	27.57
37.94	27.15
37.97	26.99
37.99	26.63
38.02	26.59
38.04	26.24
38.07	26.17
38.09	25.72
38.11	25.67
38.14	25.29
38.16	25.19
38.19	24.75
38.21	24.62
38.24	24.14
38.26	24.10
38.29	23.63
38.31	23.60
38.33	23.22
38.36	23.20
38.38	22.83
38.41	22.82
38.43	22.42
38.46	22.46
38.48	22.08
38.51	22.05
38.53	21.66
38.55	21.68
38.58	21.33
38.60	21.31
38.63	20.95
38.65	20.92
38.68	20.66
38.70	20.73
38.73	20.48
38.75	20.45
38.77	20.20
38.80	20.25
38.82	20.07
38.85	20.08
38.87	19.86
38.90	19.80
38.92	19.68
38.94	19.70
38.97	19.57
38.99	19.61
39.02	19.51
39.04	19.45
39.07	19.38
39.09	19.34
39.12	19.33
39.14	19.33
39.16	19.33
39.19	19.29
39.21	19.31
39.24	19.29
39.26	19.42
39.29	19.42
39.31	19.54
39.34	19.45
39.36	19.59
39.38	19.56
39.41	19.79
39.43	19.73
39.46	19.95
39.48	19.87
39.51	20.08
39.53	20.05
39.56	20.36
39.58	20.33
39.60	20.61
39.63	20.53
39.65	20.86
39.68	20.88
39.70	21.19
39.73	21.15
39.75	21.44
39.78	21.41
39.80	21.76
39.82	21.73
39.85	22.09
39.87	22.08
39.90	22.42
39.92	22.45
39.95	22.83
39.97	22.86
39.99	23.29
40.02	23.33
40.04	23.77
40.07	23.82
40.09	24.19
40.12	24.23
40.14	24.61
40.17	24.62
40.19	24.96
40.21	25.01
40.24	25.43
40.26	25.61
40.29	25.97
40.31	26.11
40.34	26.47
40.36	26.65
40.39	27.07
40.41	27.28
40.43	27.55
40.46	27.74
40.48	28.05
40.51	28.32
40.53	28.68
40.56	28.92
40.58	29.17
40.61	29.46
40.63	29.80
40.65	30.17
40.68	30.48
40.70	30.86
40.73	31.16
40.75	31.51
40.78	31.78
40.80	32.15
40.83	32.40
40.85	32.81
40.87	32.96
40.90	33.33
40.92	33.59
40.95	34.10
40.97	34.40
41.00	34.91
41.02	35.10
41.05	35.58
41.07	35.78
41.09	36.36
41.12	36.52
41.14	36.99
41.17	37.05
41.19	37.57
41.22	37.69
41.24	38.22
41.26	38.26
41.29	38.75
41.31	38.84
41.34	39.41
41.36	39.53
41.39	40.11
41.41	40.22
41.44	40.75
41.46	40.93
41.48	41.43
41.51	41.52
41.53	41.99
41.56	42.06
41.58	42.53
41.61	42.59
41.63	42.92
41.66	43.02
41.68	43.43
41.70	43.45
41.73	43.83
41.75	43.84
41.78	44.22
41.80	44.33
41.83	44.61
41.85	44.61
41.88	44.88
41.90	44.92
41.92	45.24
41.95	45.25
41.97	45.38
42.00	45.35
42.02	45.51
42.05	45.52
42.07	45.67
42.10	45.63
42.12	45.66
42.14	45.65
42.17	45.69
42.19	45.71
42.22	45.77
42.24	45.67
42.27	45.60
42.29	45.56
42.31	45.49
42.34	45.48
42.36	45.36
42.39	45.26
42.41	45.08
42.44	44.97
42.46	44.75
42.49	44.69
42.51	44.47
42.53	44.42
42.56	44.14
42.58	44.08
42.61	43.79
42.63	43.76
42.66	43.44
42.68	43.31
42.71	42.87
42.73	42.75
42.75	42.36
42.78	42.29
42.80	41.84
42.83	41.69
42.85	41.25
42.88	41.15
42.90	40.72
42.93	40.62
42.95	40.15
42.97	40.06
43.00	39.65
43.02	39.56
43.05	39.09
43.07	38.99
43.10	38.50
43.12	38.40
43.15	37.86
43.17	37.72
43.19	37.18
43.22	37.09
43.24	36.66
43.27	36.55
43.29	36.07
43.32	36.03
43.34	35.59
43.36	35.50
43.39	35.04
43.41	34.85
43.44	34.44
43.46	34.37
43.49	33.96
43.51	33.80
43.54	33.35
43.56	33.22
43.58	32.94
43.61	32.87
43.63	32.58
43.66	32.45
43.68	32.20
43.71	32.16
43.73	31.95
43.76	31.84
43.78	31.60
43.80	31.41
43.83	31.19
43.85	31.09
43.88	30.97
43.90	30.86
43.93	30.76
43.95	30.58
43.98	30.51
44.00	30.41
44.02	30.42
44.05	30.37
44.07	30.37
44.10	30.21
44.12	30.24
44.15	30.10
44.17	30.26
44.20	30.15
44.22	30.25
44.24	30.10
44.27	30.18
44.29	30.11
44.32	30.36
44.34	30.22
44.37	30.43
44.39	30.27
44.41	30.50
44.44	30.49
44.46	30.74
44.49	30.66
44.51	30.97
44.54	30.87
44.56	31.22
44.59	31.22
44.61	31.50
44.63	31.47
44.66	31.78
44.68	31.71
44.71	32.06
44.73	32.04
44.76	32.36
44.78	32.43
44.81	32.82
44.83	32.88
44.85	33.34
44.88	33.41
44.90	33.81
44.93	33.92
44.95	34.28
44.98	34.37
45.00	34.80
45.03	34.88
45.05	35.23
45.07	35.31
45.10	35.68
45.12	35.91
45.15	36.34
45.17	36.55
45.20	36.92
45.22	37.16
45.25	37.61
45.27	37.94
45.29	38.36
45.32	38.60
45.34	38.89
45.37	39.16
45.39	39.55
45.42	39.87
45.44	40.20
45.47	40.50
45.49	40.85
45.51	41.24
45.54	41.58
45.56	42.06
45.59	42.46
45.61	42.91
45.64	43.33
45.66	43.76
45.68	44.08
45.71	44.62
45.73	44.88
45.76	45.34
45.78	45.56
45.81	45.95
45.83	46.25
45.86	46.84
45.88	47.15
45.90	47.76
45.93	48.00
45.95	48.55
45.98	48.86
46.00	49.30
46.03	49.49
46.05	49.73
46.08	49.75
46.10	49.94
46.12	49.94
46.15	50.00
46.17	50.00
46.20	50.00
46.22	50.00
46.25	50.00
46.27	50.00
46.30	50.00
46.32	50.00
46.34	50.00
46.37	50.00
46.39	50.00
46.42	50.00
46.44	50.00
46.47	50.00
46.49	50.00
46.52	50.00
46.54	50.00
46.56	50.00
46.59	50.00
46.61	50.00
46.64	50.00
46.66	50.00
46.69	50.00
46.71	50.00
46.73	50.00
46.76	50.00
46.78	50.00
46.81	50.00
46.83	50.00
46.86	50.00
46.88	50.00
46.91	50.00
46.93	50.00
46.95	50.00
46.98	50.00
47.00	50.00
47.03	50.00
47.05	50.00
47.08	50.00
47.10	50.00
47.13	50.00
47.15	50.00
47.17	50.00
47.20	50.00
47.22	50.00
47.25	50.00
47.27	50.00
47.30	50.00
47.32	50.00
47.35	50.00
47.37	50.00
47.39	50.00
47.42	50.00
47.44	50.00
47.47	50.00
47.49	50.00
47.52	50.00
47.54	50.00
47.57	50.00
47.59	50.00
47.61	50.00
47.64	50.00
47.66	50.00
47.69	50.00
47.71	50.00
47.74	50.00
47.76	50.00
47.78	50.00
47.81	50.00
47.83	50.00
47.86	50.00
47.88	50.00
47.91	50.00
47.93	50.00
47.96	50.00
47.98	50.00
48.00	50.00
48.03	50.00
48.05	50.00
48.08	50.00
48.10	50.00
48.13	50.00
48.15	50.00
48.18	50.00
48.20	50.00
48.22	50.00
48.25	50.00
48.27	50.00
48.30	50.00
48.32	50.00
48.35	50.00
48.37	50.00
48.40	50.00
48.42	50.00
48.44	50.00
48.47	50.00
48.49	50.00
48.52	50.00
48.54	50.00
48.57	50.00
48.59	50.00
48.62	50.00
48.64	50.00
48.66	50.00
48.69	50.00
48.71	50.00
48.74	49.94
48.76	49.83
48.79	49.77
48.81	49.70
48.84	49.58
48.86	49.49
48.88	49.29
48.91	49.15
48.93	48.97
48.96	48.78
48.98	48.57
49.01	48.44
49.03	48.23
49.05	48.09
49.08	47.97
49.10	47.88
49.13	47.81
49.15	47.78
49.18	47.73
49.20	47.60
49.23	47.57
49.25	47.46
49.27	47.51
49.30	47.51
49.32	47.54
49.35	47.42
49.37	47.51
49.40	47.42
49.42	47.61
49.45	47.59
49.47	47.73
49.49	47.64
49.52	47.82
49.54	47.82
49.57	48.18
49.59	48.11
49.62	48.34
49.64	48.23
49.67	48.53
49.69	48.57
49.71	48.90
49.74	48.82
49.76	49.13
49.79	49.17
49.81	49.47
49.84	49.53
49.86	49.73
49.89	49.73
49.91	49.92
49.93	49.92
49.96	49.98
49.98	49.98
50.01	50.00
50.03	50.00
50.06	50.00
50.08	50.00
50.10	50.00
50.13	50.00
50.15	50.00
50.18	50.00
50.20	50.00
50.23	50.00
50.25	50.00
50.28	50.00
50.30	50.00
50.32	50.00
50.35	50.00
50.37	50.00
50.40	50.00
50.42	50.00
50.45	50.00
50.47	50.00
50.50	50.00
50.52	50.00
50.54	50.00
50.57	50.00
50.59	50.00
50.62	50.00
50.64	50.00
50.67	50.00
50.69	50.00
50.72	50.00
50.74	50.00
50.76	50.00
50.79	50.00
50.81	50.00
50.84	50.00
50.86	50.00
50.89	50.00
50.91	50.00
50.94	50.00
50.96	50.00
50.98	50.00
51.01	50.00
51.03	50.00
51.06	50.00
51.08	50.00
51.11	50.00
51.13	50.00
51.15	50.00
51.18	50.00
51.20	50.00
51.23	50.00
51.25	50.00
51.28	50.00
51.30	50.00
51.33	50.00
51.35	50.00
51.37	50.00
51.40	50.00
51.42	50.00
51.45	50.00
51.47	50.00
51.50	50.00
51.52	50.00
51.55	50.00
51.57	50.00
51.59	50.00
51.62	50.00
51.64	50.00
51.67	50.00
51.69	50.00
51.72	50.00
51.74	50.00
51.77	50.00
51.79	50.00
51.81	50.00
51.84	50.00
51.86	50.00
51.89	50.00
51.91	50.00
51.94	50.00
51.96	50.00
51.99	50.00
52.01	50.00
52.03	50.00
52.06	50.00
52.08	50.00
52.11	50.00
52.13	50.00
52.16	50.00
52.18	50.00
52.20	50.00
52.23	50.00
52.25	50.00
52.28	50.00
52.30	50.00
52.33	50.00
52.35	50.00
52.38	50.00
52.40	50.00
52.42	50.00
52.45	50.00
52.47	50.00
52.50	50.00
52.52	50.00
52.55	50.00
52.57	50.00
52.60	50.00
52.62	50.00
52.64	50.00
52.67	50.00
52.69	50.00
52.72	50.00
52.74	50.00
52.77	50.00
52.79	50.00
52.82	50.00
52.84	50.00
52.86	50.00
52.89	50.00
52.91	50.00
52.94	50.00
52.96	50.00
52.99	50.00
53.01	50.00
53.04	50.00
53.06	50.00
53.08	50.00
53.11	50.00
53.13	50.00
53.16	50.00
53.18	50.00
53.21	50.00
53.23	50.00
53.26	50.00
53.28	50.00
53.30	50.00
53.33	50.00
53.35	50.00
53.38	50.00
53.40	50.00
53.43	50.00
53.45	50.00
53.47	50.00
53.50	50.00
53.52	50.00
53.55	50.00
53.57	50.00
53.60	50.00
53.62	50.00
53.65	50.00
53.67	50.00
53.69	50.00
53.72	50.00
53.74	50.00
53.77	50.00
53.79	50.00
53.82	50.00
53.84	50.00
53.87	50.00
53.89	50.00
53.91	50.00
53.94	50.00
53.96	50.00
53.99	50.00
54.01	50.00
54.04	50.00
54.06	50.00
54.09	50.00
54.11	50.00
54.13	50.00
54.16	50.00
54.18	50.00
54.21	50.00
54.23	50.00
54.26	50.00
54.28	50.00
54.31	50.00
54.33	50.00
54.35	50.00
54.38	50.00
54.40	50.00
54.43	50.00
54.45	50.00
54.48	50.00
54.50	50.00
54.52	50.00
54.55	50.00
54.57	50.00
54.60	50.00
54.62	50.00
54.65	50.00
54.67	50.00
54.70	50.00
54.72	50.00
54.74	50.00
54.77	50.00
54.79	50.00
54.82	50.00
54.84	50.00
54.87	50.00
54.89	50.00
54.92	50.00
54.94	50.00
54.96	50.00
54.99	50.00
55.01	50.00
55.04	50.00
55.06	50.00
55.09	50.00
55.11	50.00
55.14	50.00
55.16	50.00
55.18	50.00
55.21	50.00
55.23	50.00
55.26	50.00
55.28	50.00
55.31	50.00
55.33	50.00
55.36	50.00
55.38	50.00
55.40	50.00
55.43	50.00
55.45	50.00
55.48	50.00
55.50	50.00
55.53	50.00
55.55	50.00
55.57	50.00
55.60	50.00
55.62	50.00
55.65	50.00
55.67	50.00
55.70	50.00
55.72	50.00
55.75	50.00
55.77	50.00
55.79	50.00
55.82	50.00
55.84	50.00
55.87	50.00
55.89	50.00
55.92	50.00
55.94	50.00
55.97	50.00
55.99	50.00
56.01	50.00
56.04	50.00
56.06	50.00
56.09	50.00
56.11	50.00
56.14	50.00
56.16	50.00
56.19	50.00
56.21	50.00
56.23	50.00
56.26	50.00
56.28	50.00
56.31	50.00
56.33	50.00
56.36	50.00
56.38	50.00
56.41	50.00
56.43	50.00
56.45	50.00
56.48	50.00
56.50	50.00
56.53	50.00
56.55	50.00
56.58	50.00
56.60	50.00
56.62	50.00
56.65	50.00
56.67	50.00
56.70	50.00
56.72	50.00
56.75	50.00
56.77	50.00
56.80	50.00
56.82	50.00
56.84	50.00
56.87	50.00
56.89	50.00
56.92	50.00
56.94	50.00
56.97	50.00
56.99	50.00
57.02	50.00
57.04	50.00
57.06	50.00
57.09	50.00
57.11	50.00
57.14	50.00
57.16	50.00
57.19	50.00
57.21	50.00
57.24	50.00
57.26	50.00
57.28	50.00
57.31	50.00
57.33	50.00
57.36	50.00
57.38	50.00
57.41	50.00
57.43	50.00
57.46	50.00
57.48	50.00
57.50	50.00
57.53	50.00
57.55	50.00
57.58	50.00
57.60	50.00
57.63	50.00
57.65	50.00
57.68	50.00
57.70	50.00
57.72	50.00
57.75	50.00
57.77	50.00
57.80	50.00
57.82	50.00
57.85	50.00
57.87	50.00
57.89	50.00
57.92	50.00
57.94	50.00
57.97	50.00
57.99	50.00
58.02	50.00
58.04	50.00
58.07	50.00
58.09	50.00
58.11	50.00
58.14	50.00
58.16	50.00
58.19	50.00
58.21	50.00
58.24	50.00
58.26	50.00
58.29	50.00
58.31	50.00
58.33	50.00
58.36	50.00
58.38	50.00
58.41	50.00
58.43	50.00
58.46	50.00
58.48	50.00
58.51	50.00
58.53	50.00
58.55	50.00
58.58	50.00
58.60	50.00
58.63	50.00
58.65	50.00
58.68	50.00
58.70	50.00
58.73	50.00
58.75	50.00
58.77	50.00
58.80	50.00
58.82	50.00
58.85	50.00
58.87	50.00
58.90	50.00
58.92	50.00
58.94	50.00
58.97	50.00
58.99	50.00
59.02	50.00
59.04	50.00
59.07	50.00
59.09	50.00
59.12	50.00
59.14	50.00
59.16	50.00
59.19	50.00
59.21	50.00
59.24	50.00
59.26	50.00
59.29	50.00
59.31	50.00
59.34	50.00
59.36	50.00
59.38	50.00
59.41	50.00
59.43	50.00
59.46	50.00
59.48	50.00
59.51	50.00
59.53	50.00
59.56	50.00
59.58	50.00
59.60	50.00
59.63	50.00
59.65	50.00
59.68	50.00
59.70	50.00
59.73	50.00
59.75	50.00
59.78	50.00
59.80	50.00
59.82	50.00
59.85	50.00
59.87	50.00
59.90	50.00
59.92	50.00
59.95	50.00
59.97	50.00
59.99	50.00
