U1	I
0.02	0.54
0.04	0.55
0.07	0.67
0.09	0.64
0.12	0.74
0.14	0.63
0.17	0.79
0.19	0.64
0.21	0.73
0.24	0.60
0.26	0.70
0.29	0.67
0.31	0.79
0.34	0.69
0.36	0.74
0.39	0.65
0.41	0.72
0.43	0.71
0.46	0.75
0.48	0.69
0.51	0.66
0.53	0.62
0.56	0.64
0.58	0.68
0.61	0.70
0.63	0.73
0.65	0.67
0.68	0.68
0.70	0.66
0.73	0.74
0.75	0.70
0.78	0.75
0.80	0.63
0.83	0.70
0.85	0.63
0.87	0.76
0.90	0.65
0.92	0.74
0.95	0.56
0.97	0.67
1.00	0.55
1.02	0.75
1.05	0.62
1.07	0.76
1.09	0.58
1.12	0.75
1.14	0.60
1.17	0.78
1.19	0.58
1.22	0.75
1.24	0.57
1.26	0.74
1.29	0.58
1.31	0.75
1.34	0.57
1.36	0.77
1.39	0.55
1.41	0.75
1.44	0.58
1.46	0.77
1.48	0.62
1.51	0.82
1.53	0.63
1.56	0.81
1.58	0.62
1.61	0.80
1.63	0.62
1.66	0.77
1.68	0.60
1.70	0.79
1.73	0.65
1.75	0.81
1.78	0.63
1.80	0.76
1.83	0.64
1.85	0.82
1.88	0.69
1.90	0.78
1.92	0.64
1.95	0.78
1.97	0.70
2.00	0.83
2.02	0.71
2.05	0.73
2.07	0.64
2.10	0.72
2.12	0.69
2.14	0.76
2.17	0.68
2.19	0.67
2.22	0.65
2.24	0.69
2.27	0.69
2.29	0.70
2.31	0.68
2.34	0.64
2.36	0.61
2.39	0.58
2.41	0.66
2.44	0.64
2.46	0.67
2.49	0.59
2.51	0.64
2.53	0.60
2.56	0.73
2.58	0.65
2.61	0.76
2.63	0.61
2.66	0.71
2.68	0.65
2.71	0.85
2.73	0.74
2.75	0.85
2.78	0.66
2.80	0.83
2.83	0.70
2.85	0.84
2.88	0.66
2.90	0.79
2.93	0.59
2.95	0.81
2.97	0.64
3.00	0.80
3.02	0.62
3.05	0.79
3.07	0.64
3.10	0.84
3.12	0.62
3.15	0.83
3.17	0.66
3.19	0.85
3.22	0.65
3.24	0.79
3.27	0.61
3.29	0.81
3.32	0.63
3.34	0.79
3.36	0.63
3.39	0.81
3.41	0.68
3.44	0.81
3.46	0.64
3.49	0.76
3.51	0.61
3.54	0.78
3.56	0.66
3.58	0.76
3.61	0.61
3.63	0.71
3.66	0.63
3.68	0.77
3.71	0.67
3.73	0.70
3.76	0.58
3.78	0.67
3.80	0.64
3.83	0.70
3.85	0.61
3.88	0.62
3.90	0.57
3.93	0.62
3.95	0.63
3.98	0.67
4.00	0.66
4.02	0.66
4.05	0.64
4.07	0.64
4.10	0.72
4.12	0.73
4.15	0.77
4.17	0.70
4.20	0.72
4.22	0.69
4.24	0.79
4.27	0.75
4.29	0.84
4.32	0.67
4.34	0.76
4.37	0.65
4.39	0.78
4.42	0.70
4.44	0.79
4.46	0.62
4.49	0.75
4.51	0.65
4.54	0.83
4.56	0.68
4.59	0.78
4.61	0.60
4.63	0.73
4.66	0.59
4.68	0.76
4.71	0.58
4.73	0.73
4.76	0.57
4.78	0.76
4.81	0.61
4.83	0.79
4.85	0.60
4.88	0.80
4.90	0.62
4.93	0.80
4.95	0.59
4.98	0.78
5.00	0.63
5.03	0.81
5.05	0.63
5.07	0.80
5.10	0.63
5.12	0.80
5.15	0.61
5.17	0.74
5.20	0.59
5.22	0.75
5.25	0.61
5.27	0.74
5.29	0.57
5.32	0.69
5.34	0.62
5.37	0.76
5.39	0.65
5.42	0.72
5.44	0.60
5.47	0.71
5.49	0.65
5.51	0.73
5.54	0.66
5.56	0.68
5.59	0.62
5.61	0.70
5.64	0.68
5.66	0.74
5.68	0.70
5.71	0.66
5.73	0.65
5.76	0.66
5.78	0.69
5.81	0.71
5.83	0.74
5.86	0.66
5.88	0.71
5.90	0.66
5.93	0.76
5.95	0.75
5.98	0.79
6.00	0.66
6.03	0.75
6.05	0.63
6.08	0.80
6.10	0.71
6.12	0.78
6.15	0.63
6.17	0.75
6.20	0.63
6.22	0.81
6.25	0.65
6.27	0.78
6.30	0.60
6.32	0.77
6.34	0.65
6.37	0.80
6.39	0.62
6.42	0.76
6.44	0.56
6.47	0.76
6.49	0.63
6.52	0.79
6.54	0.65
6.56	0.85
6.59	0.67
6.61	0.86
6.64	0.66
6.66	0.82
6.69	0.62
6.71	0.77
6.73	0.58
6.76	0.75
6.78	0.57
6.81	0.76
6.83	0.59
6.86	0.75
6.88	0.61
6.91	0.79
6.93	0.67
6.95	0.80
6.98	0.61
7.00	0.72
7.03	0.60
7.05	0.77
7.08	0.64
7.10	0.73
7.13	0.60
7.15	0.72
7.17	0.67
7.20	0.82
7.22	0.73
7.25	0.77
7.27	0.68
7.30	0.75
7.32	0.71
7.35	0.78
7.37	0.68
7.39	0.65
7.42	0.62
7.44	0.64
7.47	0.65
7.49	0.69
7.52	0.68
7.54	0.66
7.57	0.65
7.59	0.65
7.61	0.73
7.64	0.72
7.66	0.77
7.69	0.66
7.71	0.70
7.74	0.66
7.76	0.75
7.78	0.68
7.81	0.83
7.83	0.66
7.86	0.77
7.88	0.67
7.91	0.84
7.93	0.76
7.96	0.88
7.98	0.67
8.00	0.84
8.03	0.72
8.05	0.93
8.08	0.74
8.10	0.85
8.13	0.65
8.15	0.84
8.18	0.68
8.20	0.84
8.22	0.63
8.25	0.80
8.27	0.65
8.30	0.85
8.32	0.66
8.35	0.84
8.37	0.68
8.40	0.86
8.42	0.68
8.44	0.85
8.47	0.64
8.49	0.81
8.52	0.63
8.54	0.79
8.57	0.62
8.59	0.82
8.62	0.68
8.64	0.84
8.66	0.69
8.69	0.84
8.71	0.72
8.74	0.88
8.76	0.73
8.79	0.82
8.81	0.68
8.84	0.78
8.86	0.69
8.88	0.82
8.91	0.71
8.93	0.79
8.96	0.69
8.98	0.78
9.01	0.77
9.03	0.83
9.05	0.77
9.08	0.78
9.10	0.72
9.13	0.77
9.15	0.80
9.18	0.82
9.20	0.81
9.23	0.75
9.25	0.77
9.27	0.77
9.30	0.83
9.32	0.80
9.35	0.86
9.37	0.77
9.40	0.85
9.42	0.79
9.45	0.90
9.47	0.86
9.49	0.93
9.52	0.78
9.54	0.87
9.57	0.74
9.59	0.90
9.62	0.78
9.64	0.91
9.67	0.73
9.69	0.88
9.71	0.76
9.74	0.96
9.76	0.79
9.79	0.95
9.81	0.75
9.84	0.94
9.86	0.79
9.89	0.95
9.91	0.73
9.93	0.91
9.96	0.71
9.98	0.86
10.01	0.70
10.03	0.88
10.06	0.72
10.08	0.94
10.10	0.75
10.13	0.95
10.15	0.78
10.18	0.93
10.20	0.78
10.23	0.94
10.25	0.76
10.28	0.95
10.30	0.79
10.32	0.98
10.35	0.78
10.37	0.89
10.40	0.77
10.42	0.96
10.45	0.81
10.47	0.94
10.50	0.77
10.52	0.92
10.54	0.85
10.57	0.97
10.59	0.86
10.62	0.93
10.64	0.79
10.67	0.91
10.69	0.86
10.72	0.94
10.74	0.86
10.76	0.86
10.79	0.79
10.81	0.84
10.84	0.81
10.86	0.90
10.89	0.85
10.91	0.84
10.94	0.85
10.96	0.88
10.98	0.93
11.01	0.96
11.03	0.95
11.06	0.89
11.08	0.90
11.11	0.85
11.13	0.95
11.15	0.92
11.18	0.98
11.20	0.87
11.23	0.94
11.25	0.83
11.28	0.98
11.30	0.89
11.33	0.98
11.35	0.79
11.37	0.92
11.40	0.82
11.42	1.04
11.45	0.89
11.47	1.02
11.50	0.82
11.52	1.03
11.55	0.90
11.57	1.08
11.59	0.91
11.62	1.04
11.64	0.85
11.67	1.07
11.69	0.88
11.72	1.04
11.74	0.84
11.77	1.00
11.79	0.82
11.81	1.02
11.84	0.81
11.86	1.03
11.89	0.86
11.91	1.05
11.94	0.86
11.96	1.05
11.99	0.90
12.01	1.09
12.03	0.88
12.06	1.05
12.08	0.89
12.11	1.10
12.13	1.00
12.16	1.10
12.18	0.92
12.21	1.06
12.23	0.96
12.25	1.14
12.28	1.03
12.30	1.09
12.33	1.00
12.35	1.13
12.38	1.07
12.40	1.18
12.42	1.08
12.45	1.12
12.47	1.04
12.50	1.11
12.52	1.11
12.55	1.16
12.57	1.10
12.60	1.10
12.62	1.05
12.64	1.07
12.67	1.08
12.69	1.10
12.72	1.12
12.74	1.07
12.77	1.06
12.79	1.05
12.82	1.15
12.84	1.14
12.86	1.20
12.89	1.07
12.91	1.13
12.94	1.05
12.96	1.19
12.99	1.11
13.01	1.23
13.04	1.08
13.06	1.23
13.08	1.14
13.11	1.33
13.13	1.21
13.16	1.32
13.18	1.10
13.21	1.24
13.23	1.07
13.26	1.25
13.28	1.07
13.30	1.22
13.33	1.04
13.35	1.24
13.38	1.10
13.40	1.29
13.43	1.11
13.45	1.32
13.47	1.14
13.50	1.32
13.52	1.16
13.55	1.30
13.57	1.14
13.60	1.35
13.62	1.11
13.65	1.28
13.67	1.11
13.69	1.29
13.72	1.15
13.74	1.32
13.77	1.13
13.79	1.36
13.82	1.23
13.84	1.36
13.87	1.18
13.89	1.31
13.91	1.20
13.94	1.40
13.96	1.25
13.99	1.35
14.01	1.20
14.04	1.30
14.06	1.23
14.09	1.32
14.11	1.23
14.13	1.29
14.16	1.19
14.18	1.29
14.21	1.28
14.23	1.33
14.26	1.29
14.28	1.27
14.31	1.26
14.33	1.31
14.35	1.31
14.38	1.31
14.40	1.34
14.43	1.27
14.45	1.28
14.48	1.21
14.50	1.28
14.52	1.30
14.55	1.34
14.57	1.21
14.60	1.26
14.62	1.19
14.65	1.31
14.67	1.23
14.70	1.34
14.72	1.20
14.74	1.28
14.77	1.20
14.79	1.40
14.82	1.29
14.84	1.42
14.87	1.23
14.89	1.38
14.92	1.27
14.94	1.42
14.96	1.19
14.99	1.36
15.01	1.16
15.04	1.33
15.06	1.20
15.09	1.35
15.11	1.18
15.14	1.36
15.16	1.16
15.18	1.36
15.21	1.17
15.23	1.34
15.26	1.20
15.28	1.40
15.31	1.21
15.33	1.37
15.36	1.19
15.38	1.39
15.40	1.20
15.43	1.36
15.45	1.19
15.48	1.38
15.50	1.25
15.53	1.41
15.55	1.23
15.57	1.36
15.60	1.23
15.62	1.40
15.65	1.28
15.67	1.36
15.70	1.19
15.72	1.29
15.75	1.21
15.77	1.34
15.79	1.27
15.82	1.33
15.84	1.24
15.87	1.35
15.89	1.34
15.92	1.43
15.94	1.37
15.97	1.36
15.99	1.31
16.01	1.36
16.04	1.37
16.06	1.40
16.09	1.40
16.11	1.35
16.14	1.34
16.16	1.32
16.19	1.40
16.21	1.37
16.23	1.41
16.26	1.33
16.28	1.35
16.31	1.30
16.33	1.44
16.36	1.39
16.38	1.52
16.41	1.35
16.43	1.43
16.45	1.38
16.48	1.56
16.50	1.44
16.53	1.57
16.55	1.37
16.58	1.54
16.60	1.41
16.63	1.59
16.65	1.45
16.67	1.61
16.70	1.41
16.72	1.61
16.75	1.48
16.77	1.70
16.80	1.52
16.82	1.67
16.84	1.50
16.87	1.67
16.89	1.51
16.92	1.70
16.94	1.48
16.97	1.67
16.99	1.50
17.02	1.69
17.04	1.52
17.06	1.72
17.09	1.53
17.11	1.75
17.14	1.58
17.16	1.78
17.19	1.65
17.21	1.83
17.24	1.64
17.26	1.83
17.28	1.71
17.31	1.91
17.33	1.78
17.36	1.89
17.38	1.74
17.41	1.87
17.43	1.76
17.46	1.91
17.48	1.80
17.50	1.86
17.53	1.75
17.55	1.87
17.58	1.84
17.60	1.95
17.63	1.89
17.65	1.93
17.68	1.86
17.70	1.94
17.72	1.98
17.75	2.04
17.77	2.01
17.80	1.99
17.82	1.97
17.85	2.01
17.87	2.04
17.89	2.02
17.92	2.06
17.94	1.98
17.97	2.02
17.99	2.02
18.02	2.12
18.04	2.10
18.07	2.17
18.09	2.05
18.11	2.17
18.14	2.08
18.16	2.22
18.19	2.12
18.21	2.23
18.24	2.06
18.26	2.19
18.29	2.03
18.31	2.22
18.33	2.05
18.36	2.18
18.38	1.97
18.41	2.15
18.43	2.02
18.46	2.23
18.48	2.05
18.51	2.23
18.53	2.06
18.55	2.24
18.58	2.10
18.60	2.28
18.63	2.09
18.65	2.27
18.68	2.04
18.70	2.21
18.73	2.07
18.75	2.24
18.77	2.06
18.80	2.23
18.82	2.03
18.85	2.26
18.87	2.10
18.90	2.23
18.92	2.06
18.94	2.18
18.97	2.02
18.99	2.23
19.02	2.05
19.04	2.16
19.07	1.98
19.09	2.09
19.12	1.99
19.14	2.15
19.16	2.01
19.19	2.12
19.21	1.99
19.24	2.11
19.26	2.06
19.29	2.14
19.31	2.05
19.34	2.06
19.36	1.95
19.38	2.02
19.41	2.01
19.43	2.04
19.46	2.02
19.48	2.00
19.51	1.98
19.53	2.00
19.56	2.01
19.58	2.02
19.60	2.02
19.63	1.92
19.65	1.93
19.68	1.86
19.70	1.94
19.73	1.91
19.75	1.94
19.78	1.81
19.80	1.89
19.82	1.78
19.85	1.97
19.87	1.87
19.90	2.00
19.92	1.86
19.95	2.01
19.97	1.88
19.99	2.05
20.02	1.87
20.04	1.98
20.07	1.75
20.09	1.88
20.12	1.72
20.14	1.90
20.17	1.70
20.19	1.87
20.21	1.70
20.24	1.89
20.26	1.74
20.29	1.89
20.31	1.73
20.34	1.95
20.36	1.76
20.39	1.94
20.41	1.73
20.43	1.94
20.46	1.79
20.48	1.95
20.51	1.73
20.53	1.90
20.56	1.73
20.58	1.93
20.61	1.72
20.63	1.85
20.65	1.71
20.68	1.91
20.70	1.79
20.73	1.95
20.75	1.78
20.78	1.92
20.80	1.84
20.83	2.00
20.85	1.91
20.87	2.00
20.90	1.85
20.92	1.99
20.95	1.93
20.97	2.05
21.00	1.96
21.02	1.98
21.05	1.96
21.07	2.04
21.09	2.02
21.12	2.13
21.14	2.06
21.17	2.08
21.19	2.09
21.22	2.11
21.24	2.16
21.26	2.18
21.29	2.19
21.31	2.19
21.34	2.20
21.36	2.18
21.39	2.31
21.41	2.33
21.44	2.43
21.46	2.36
21.48	2.44
21.51	2.39
21.53	2.54
21.56	2.44
21.58	2.54
21.61	2.37
21.63	2.49
21.66	2.42
21.68	2.64
21.70	2.54
21.73	2.71
21.75	2.55
21.78	2.80
21.80	2.72
21.83	2.90
21.85	2.72
21.88	2.88
21.90	2.72
21.92	2.97
21.95	2.83
21.97	3.00
22.00	2.88
22.02	3.10
22.05	2.98
22.07	3.18
22.10	2.98
22.12	3.21
22.14	3.08
22.17	3.27
22.19	3.10
22.22	3.30
22.24	3.15
22.27	3.38
22.29	3.20
22.31	3.38
22.34	3.24
22.36	3.43
22.39	3.34
22.41	3.49
22.44	3.31
22.46	3.48
22.49	3.36
22.51	3.59
22.53	3.47
22.56	3.54
22.58	3.45
22.61	3.57
22.63	3.52
22.66	3.65
22.68	3.54
22.71	3.62
22.73	3.54
22.75	3.62
22.78	3.64
22.80	3.70
22.83	3.62
22.85	3.64
22.88	3.60
22.90	3.65
22.93	3.65
22.95	3.66
22.97	3.67
23.00	3.64
23.02	3.63
23.05	3.63
23.07	3.68
23.10	3.67
23.12	3.71
23.15	3.59
23.17	3.65
23.19	3.60
23.22	3.70
23.24	3.66
23.27	3.76
23.29	3.62
23.32	3.73
23.34	3.56
23.36	3.70
23.39	3.56
23.41	3.64
23.44	3.43
23.46	3.55
23.49	3.41
23.51	3.61
23.54	3.42
23.56	3.53
23.58	3.34
23.61	3.48
23.63	3.32
23.66	3.46
23.68	3.27
23.71	3.41
23.73	3.22
23.76	3.35
23.78	3.17
23.80	3.33
23.83	3.12
23.85	3.30
23.88	3.10
23.90	3.27
23.93	3.09
23.95	3.26
23.98	3.08
24.00	3.22
24.02	2.99
24.05	3.16
24.07	2.96
24.10	3.07
24.12	2.89
24.15	2.97
24.17	2.84
24.20	3.01
24.22	2.87
24.24	2.98
24.27	2.81
24.29	2.87
24.32	2.80
24.34	2.92
24.37	2.80
24.39	2.84
24.42	2.70
24.44	2.78
24.46	2.76
24.49	2.81
24.51	2.74
24.54	2.70
24.56	2.63
24.59	2.67
24.61	2.64
24.63	2.66
24.66	2.64
24.68	2.59
24.71	2.61
24.73	2.59
24.76	2.64
24.78	2.65
24.81	2.64
24.83	2.54
24.85	2.57
24.88	2.48
24.90	2.59
24.93	2.50
24.95	2.58
24.98	2.44
25.00	2.49
25.03	2.39
25.05	2.55
25.07	2.45
25.10	2.57
25.12	2.38
25.15	2.52
25.17	2.41
25.20	2.60
25.22	2.45
25.25	2.58
25.27	2.40
25.29	2.59
25.32	2.49
25.34	2.70
25.37	2.54
25.39	2.73
25.42	2.56
25.44	2.77
25.47	2.60
25.49	2.80
25.51	2.63
25.54	2.78
25.56	2.59
25.59	2.82
25.61	2.66
25.64	2.87
25.66	2.70
25.68	2.91
25.71	2.80
25.73	3.02
25.76	2.88
25.78	3.05
25.81	2.90
25.83	3.07
25.86	2.95
25.88	3.14
25.90	3.04
25.93	3.18
25.95	3.06
25.98	3.23
26.00	3.17
26.03	3.36
26.05	3.30
26.08	3.38
26.10	3.34
26.12	3.49
26.15	3.47
26.17	3.63
26.20	3.59
26.22	3.62
26.25	3.62
26.27	3.67
26.30	3.75
26.32	3.85
26.34	3.84
26.37	3.87
26.39	3.90
26.42	3.95
26.44	4.09
26.47	4.12
26.49	4.20
26.52	4.20
26.54	4.29
26.56	4.33
26.59	4.49
26.61	4.50
26.64	4.64
26.66	4.56
26.69	4.70
26.71	4.67
26.73	4.85
26.76	4.81
26.78	5.01
26.81	4.90
26.83	5.10
26.86	5.04
26.88	5.28
26.91	5.21
26.93	5.38
26.95	5.19
26.98	5.41
27.00	5.30
27.03	5.52
27.05	5.38
27.08	5.56
27.10	5.46
27.13	5.69
27.15	5.58
27.17	5.82
27.20	5.68
27.22	5.93
27.25	5.80
27.27	6.00
27.30	5.88
27.32	6.08
27.35	5.92
27.37	6.12
27.39	5.99
27.42	6.20
27.44	6.05
27.47	6.21
27.49	6.02
27.52	6.19
27.54	6.05
27.57	6.20
27.59	6.07
27.61	6.19
27.64	6.08
27.66	6.21
27.69	6.10
27.71	6.25
27.74	6.12
27.76	6.19
27.78	6.06
27.81	6.12
27.83	6.08
27.86	6.15
27.88	6.05
27.91	6.09
27.93	6.02
27.96	6.07
27.98	6.05
28.00	6.08
28.03	6.05
28.05	5.99
28.08	5.93
28.10	5.89
28.13	5.88
28.15	5.86
28.18	5.84
28.20	5.66
28.22	5.66
28.25	5.56
28.27	5.61
28.30	5.55
28.32	5.52
28.35	5.32
28.37	5.38
28.40	5.23
28.42	5.35
28.44	5.19
28.47	5.27
28.49	5.10
28.52	5.21
28.54	5.05
28.57	5.20
28.59	4.98
28.62	5.05
28.64	4.80
28.66	4.90
28.69	4.68
28.71	4.83
28.74	4.61
28.76	4.71
28.79	4.51
28.81	4.66
28.84	4.44
28.86	4.60
28.88	4.39
28.91	4.57
28.93	4.34
28.96	4.49
28.98	4.27
29.01	4.43
29.03	4.22
29.05	4.33
29.08	4.05
29.10	4.20
29.13	3.98
29.15	4.11
29.18	3.88
29.20	3.99
29.23	3.80
29.25	3.98
29.27	3.81
29.30	3.91
29.32	3.65
29.35	3.74
29.37	3.62
29.40	3.76
29.42	3.60
29.45	3.66
29.47	3.53
29.49	3.66
29.52	3.59
29.54	3.66
29.57	3.53
29.59	3.53
29.62	3.42
29.64	3.48
29.67	3.45
29.69	3.50
29.71	3.44
29.74	3.45
29.76	3.43
29.79	3.47
29.81	3.49
29.84	3.53
29.86	3.54
29.89	3.49
29.91	3.51
29.93	3.49
29.96	3.56
29.98	3.54
30.01	3.58
30.03	3.50
30.06	3.58
30.08	3.48
30.10	3.65
30.13	3.60
30.15	3.76
30.18	3.62
30.20	3.74
30.23	3.67
30.25	3.92
30.28	3.81
30.30	3.96
30.32	3.75
30.35	3.95
30.37	3.87
30.40	4.07
30.42	3.91
30.45	4.08
30.47	3.92
30.50	4.20
30.52	4.11
30.54	4.31
30.57	4.19
30.59	4.43
30.62	4.32
30.64	4.56
30.67	4.41
30.69	4.62
30.72	4.52
30.74	4.75
30.76	4.61
30.79	4.84
30.81	4.75
30.84	5.00
30.86	4.89
30.89	5.13
30.91	5.07
30.94	5.36
30.96	5.35
30.98	5.56
31.01	5.47
31.03	5.69
31.06	5.66
31.08	5.89
31.11	5.87
31.13	6.03
31.15	6.01
31.18	6.21
31.20	6.24
31.23	6.47
31.25	6.50
31.28	6.62
31.30	6.64
31.33	6.78
31.35	6.83
31.37	7.01
31.40	7.05
31.42	7.12
31.45	7.19
31.47	7.32
31.50	7.47
31.52	7.61
31.55	7.71
31.57	7.75
31.59	7.85
31.62	7.90
31.64	8.09
31.67	8.17
31.69	8.35
31.72	8.31
31.74	8.44
31.77	8.49
31.79	8.71
31.81	8.69
31.84	8.91
31.86	8.81
31.89	9.01
31.91	8.99
31.94	9.23
31.96	9.17
31.99	9.38
32.01	9.23
32.03	9.47
32.06	9.41
32.08	9.65
32.11	9.53
32.13	9.70
32.16	9.57
32.18	9.79
32.20	9.65
32.23	9.87
32.25	9.69
32.28	9.91
32.30	9.79
32.33	9.99
32.35	9.82
32.38	10.02
32.40	9.87
32.42	10.10
32.45	9.89
32.47	10.05
32.50	9.89
32.52	10.06
32.55	9.87
32.57	10.02
32.60	9.81
32.62	9.99
32.64	9.84
32.67	9.91
32.69	9.72
32.72	9.82
32.74	9.64
32.77	9.78
32.79	9.60
32.82	9.64
32.84	9.44
32.86	9.51
32.89	9.38
32.91	9.43
32.94	9.27
32.96	9.23
32.99	9.07
33.01	9.07
33.04	8.98
33.06	8.98
33.08	8.84
33.11	8.76
33.13	8.64
33.16	8.57
33.18	8.54
33.21	8.45
33.23	8.36
33.26	8.20
33.28	8.12
33.30	8.03
33.33	8.01
33.35	7.89
33.38	7.84
33.40	7.62
33.43	7.62
33.45	7.45
33.47	7.46
33.50	7.32
33.52	7.30
33.55	7.08
33.57	7.08
33.60	6.89
33.62	6.96
33.65	6.75
33.67	6.78
33.69	6.54
33.72	6.59
33.74	6.39
33.77	6.48
33.79	6.25
33.82	6.33
33.84	6.07
33.87	6.19
33.89	5.98
33.91	6.12
33.94	5.88
33.96	5.98
33.99	5.72
34.01	5.84
34.04	5.59
34.06	5.72
34.09	5.48
34.11	5.63
34.13	5.39
34.16	5.52
34.18	5.28
34.21	5.39
34.23	5.18
34.26	5.28
34.28	5.05
34.31	5.24
34.33	5.08
34.35	5.21
34.38	5.01
34.40	5.12
34.43	4.99
34.45	5.14
34.48	4.96
34.50	5.06
34.52	4.91
34.55	5.01
34.57	4.94
34.60	5.05
34.62	4.96
34.65	5.01
34.67	4.93
34.70	5.01
34.72	5.00
34.74	5.08
34.77	5.06
34.79	5.08
34.82	5.07
34.84	5.11
34.87	5.15
34.89	5.21
34.92	5.24
34.94	5.19
34.96	5.22
34.99	5.20
35.01	5.32
35.04	5.36
35.06	5.44
35.09	5.40
35.11	5.52
35.14	5.52
35.16	5.75
35.18	5.73
35.21	5.87
35.23	5.80
35.26	5.96
35.28	5.90
35.31	6.13
35.33	6.09
35.36	6.28
35.38	6.19
35.40	6.45
35.43	6.42
35.45	6.71
35.48	6.62
35.50	6.87
35.53	6.79
35.55	7.08
35.57	6.99
35.60	7.27
35.62	7.19
35.65	7.50
35.67	7.38
35.70	7.67
35.72	7.59
35.75	7.90
35.77	7.84
35.79	8.15
35.82	8.09
35.84	8.41
35.87	8.38
35.89	8.68
35.92	8.62
35.94	8.92
35.97	8.91
35.99	9.21
36.01	9.23
36.04	9.50
36.06	9.49
36.09	9.78
36.11	9.83
36.14	10.14
36.16	10.17
36.19	10.40
36.21	10.43
36.23	10.68
36.26	10.73
36.28	10.97
36.31	11.00
36.33	11.19
36.36	11.29
36.38	11.50
36.41	11.64
36.43	11.90
36.45	12.01
36.48	12.16
36.50	12.29
36.53	12.45
36.55	12.64
36.58	12.81
36.60	12.94
36.62	13.05
36.65	13.19
36.67	13.27
36.70	13.49
36.72	13.60
36.75	13.76
36.77	13.81
36.80	13.96
36.82	14.01
36.84	14.28
36.87	14.30
36.89	14.51
36.92	14.44
36.94	14.60
36.97	14.57
36.99	14.82
37.02	14.76
37.04	14.94
37.06	14.77
37.09	15.02
37.11	14.94
37.14	15.15
37.16	15.04
37.19	15.18
37.21	15.02
37.24	15.26
37.26	15.09
37.28	15.31
37.31	15.13
37.33	15.27
37.36	15.08
37.38	15.26
37.41	15.02
37.43	15.17
37.46	14.96
37.48	15.12
37.50	14.89
37.53	15.04
37.55	14.80
37.58	14.91
37.60	14.64
37.63	14.73
37.65	14.46
37.68	14.57
37.70	14.33
37.72	14.39
37.75	14.11
37.77	14.16
37.80	13.91
37.82	14.01
37.85	13.75
37.87	13.72
37.89	13.43
37.92	13.42
37.94	13.22
37.97	13.21
37.99	12.97
38.02	12.88
38.04	12.67
38.07	12.61
38.09	12.47
38.11	12.40
38.14	12.18
38.16	12.01
38.19	11.79
38.21	11.65
38.24	11.52
38.26	11.36
38.29	11.17
38.31	10.97
38.33	10.83
38.36	10.69
38.38	10.60
38.41	10.45
38.43	10.35
38.46	10.13
38.48	10.04
38.51	9.79
38.53	9.76
38.55	9.58
38.58	9.53
38.60	9.25
38.63	9.22
38.65	8.96
38.68	9.09
38.70	8.84
38.73	8.86
38.75	8.56
38.77	8.59
38.80	8.37
38.82	8.49
38.85	8.17
38.87	8.24
38.90	7.94
38.92	8.06
38.94	7.81
38.97	7.91
38.99	7.64
39.02	7.74
39.04	7.48
39.07	7.63
39.09	7.36
39.12	7.49
39.14	7.26
39.16	7.42
39.19	7.18
39.21	7.32
39.24	7.09
39.26	7.23
39.29	7.06
39.31	7.18
39.34	6.97
39.36	7.15
39.38	6.96
39.41	7.09
39.43	6.91
39.46	6.99
39.48	6.87
39.51	7.04
39.53	6.92
39.56	7.08
39.58	6.96
39.60	7.11
39.63	7.07
39.65	7.23
39.68	7.19
39.70	7.26
39.73	7.20
39.75	7.33
39.78	7.33
39.80	7.45
39.82	7.46
39.85	7.49
39.87	7.54
39.90	7.62
39.92	7.72
39.95	7.85
39.97	7.96
39.99	7.99
40.02	8.14
40.04	8.19
40.07	8.37
40.09	8.44
40.12	8.56
40.14	8.53
40.17	8.67
40.19	8.63
40.21	8.89
40.24	8.90
40.26	9.15
40.29	9.16
40.31	9.42
40.34	9.42
40.36	9.76
40.39	9.77
40.41	10.10
40.43	9.99
40.46	10.27
40.48	10.27
40.51	10.66
40.53	10.63
40.56	10.92
40.58	10.84
40.61	11.24
40.63	11.25
40.65	11.63
40.68	11.58
40.70	11.94
40.73	11.93
40.75	12.34
40.78	12.33
40.80	12.65
40.83	12.67
40.85	13.06
40.87	13.05
40.90	13.46
40.92	13.48
40.95	13.86
40.97	13.93
41.00	14.28
41.02	14.36
41.05	14.80
41.07	14.88
41.09	15.21
41.12	15.25
41.14	15.57
41.17	15.67
41.19	16.01
41.22	16.12
41.24	16.37
41.26	16.43
41.29	16.78
41.31	16.95
41.34	17.28
41.36	17.39
41.39	17.63
41.41	17.80
41.44	18.11
41.46	18.31
41.48	18.59
41.51	18.70
41.53	18.89
41.56	19.03
41.58	19.21
41.61	19.39
41.63	19.58
41.66	19.76
41.68	19.92
41.70	20.11
41.73	20.24
41.75	20.49
41.78	20.61
41.80	20.81
41.83	20.80
41.85	20.95
41.88	20.95
41.90	21.23
41.92	21.23
41.95	21.46
41.97	21.35
42.00	21.57
42.02	21.53
42.05	21.74
42.07	21.63
42.10	21.80
42.12	21.58
42.14	21.79
42.17	21.64
42.19	21.85
42.22	21.72
42.24	21.82
42.27	21.60
42.29	21.81
42.31	21.61
42.34	21.77
42.36	21.54
42.39	21.63
42.41	21.39
42.44	21.46
42.46	21.14
42.49	21.21
42.51	20.93
42.53	21.01
42.56	20.72
42.58	20.78
42.61	20.54
42.63	20.61
42.66	20.28
42.68	20.27
42.71	19.93
42.73	19.97
42.75	19.70
42.78	19.61
42.80	19.23
42.83	19.21
42.85	18.90
42.88	18.90
42.90	18.58
42.93	18.46
42.95	18.17
42.97	18.09
43.00	17.83
43.02	17.75
43.05	17.43
43.07	17.21
43.10	16.93
43.12	16.75
43.15	16.51
43.17	16.31
43.19	16.06
43.22	15.85
43.24	15.65
43.27	15.45
43.29	15.29
43.32	15.09
43.34	14.92
43.36	14.64
43.39	14.44
43.41	14.19
43.44	14.06
43.46	13.84
43.49	13.74
43.51	13.41
43.54	13.26
43.56	13.02
43.58	12.99
43.61	12.75
43.63	12.70
43.66	12.38
43.68	12.36
43.71	12.17
43.73	12.16
43.76	11.86
43.78	11.82
43.80	11.48
43.83	11.48
43.85	11.23
43.88	11.24
43.90	10.93
43.93	10.99
43.95	10.74
43.98	10.84
44.00	10.61
44.02	10.69
44.05	10.46
44.07	10.62
44.10	10.36
44.12	10.47
44.15	10.22
44.17	10.36
44.20	10.13
44.22	10.25
44.24	10.01
44.27	10.19
44.29	10.00
44.32	10.16
44.34	9.95
44.37	10.12
44.39	9.96
44.41	10.15
44.44	10.00
44.46	10.11
44.49	9.98
44.51	10.14
44.54	10.09
44.56	10.28
44.59	10.19
44.61	10.33
44.63	10.26
44.66	10.40
44.68	10.44
44.71	10.59
44.73	10.60
44.76	10.72
44.78	10.72
44.81	10.90
44.83	11.02
44.85	11.15
44.88	11.25
44.90	11.35
44.93	11.47
44.95	11.63
44.98	11.80
45.00	11.91
45.03	12.10
45.05	12.16
45.07	12.33
45.10	12.41
45.12	12.70
45.15	12.85
45.17	13.12
45.20	13.13
45.22	13.39
45.25	13.45
45.27	13.82
45.29	13.89
45.32	14.16
45.34	14.12
45.37	14.45
45.39	14.53
45.42	14.96
45.44	14.99
45.47	15.34
45.49	15.38
45.51	15.83
45.54	15.91
45.56	16.34
45.59	16.39
45.61	16.80
45.64	16.86
45.66	17.28
45.68	17.35
45.71	17.77
45.73	17.79
45.76	18.20
45.78	18.27
45.81	18.74
45.83	18.81
45.86	19.26
45.88	19.37
45.90	19.82
45.93	19.94
45.95	20.42
45.98	20.54
46.00	20.98
46.03	21.06
46.05	21.45
46.08	21.62
46.10	22.03
46.12	22.17
46.15	22.52
46.17	22.71
46.20	23.11
46.22	23.35
46.25	23.77
46.27	23.98
46.30	24.31
46.32	24.51
46.34	24.84
46.37	25.07
46.39	25.40
46.42	25.62
46.44	25.87
46.47	26.08
46.49	26.35
46.52	26.61
46.54	26.92
46.56	27.12
46.59	27.30
46.61	27.55
46.64	27.74
46.66	28.05
46.69	28.23
46.71	28.45
46.73	28.57
46.76	28.76
46.78	28.83
46.81	29.10
46.83	29.15
46.86	29.37
46.88	29.39
46.91	29.62
46.93	29.64
46.95	29.92
46.98	29.90
47.00	30.10
47.03	29.95
47.05	30.14
47.08	30.07
47.10	30.26
47.13	30.13
47.15	30.29
47.17	30.08
47.20	30.32
47.22	30.15
47.25	30.28
47.27	30.07
47.30	30.20
47.32	29.92
47.35	30.05
47.37	29.77
47.39	29.84
47.42	29.57
47.44	29.68
47.47	29.36
47.49	29.46
47.52	29.15
47.54	29.20
47.57	28.88
47.59	28.88
47.61	28.53
47.64	28.53
47.66	28.17
47.69	28.13
47.71	27.69
47.74	27.59
47.76	27.24
47.78	27.21
47.81	26.89
47.83	26.74
47.86	26.35
47.88	26.27
47.91	25.93
47.93	25.79
47.96	25.39
47.98	25.14
48.00	24.76
48.03	24.55
48.05	24.21
48.08	24.02
48.10	23.68
48.13	23.39
48.15	23.05
48.18	22.83
48.20	22.58
48.22	22.31
48.25	21.99
48.27	21.63
48.30	21.32
48.32	21.02
48.35	20.79
48.37	20.47
48.40	20.25
48.42	19.90
48.44	19.72
48.47	19.44
48.49	19.31
48.52	18.99
48.54	18.85
48.57	18.47
48.59	18.33
48.62	18.03
48.64	17.94
48.66	17.61
48.69	17.51
48.71	17.15
48.74	17.11
48.76	16.79
48.79	16.75
48.81	16.40
48.84	16.34
48.86	16.09
48.88	16.14
48.91	15.82
48.93	15.83
48.96	15.54
48.98	15.58
49.01	15.39
49.03	15.38
49.05	15.09
49.08	15.17
49.10	14.94
49.13	15.04
49.15	14.79
49.18	14.86
49.20	14.66
49.23	14.81
49.25	14.64
49.27	14.83
49.30	14.64
49.32	14.84
49.35	14.66
49.37	14.83
49.40	14.62
49.42	14.82
49.45	14.64
49.47	14.88
49.49	14.76
49.52	14.96
49.54	14.84
49.57	15.07
49.59	14.96
49.62	15.20
49.64	15.07
49.67	15.37
49.69	15.35
49.71	15.54
49.74	15.54
49.76	15.80
49.79	15.85
49.81	16.14
49.84	16.14
49.86	16.37
49.89	16.40
49.91	16.62
49.93	16.75
49.96	16.99
49.98	17.09
50.01	17.30
50.03	17.44
50.06	17.75
50.08	17.97
50.10	18.21
50.13	18.44
50.15	18.66
50.18	18.87
50.20	19.08
50.23	19.34
50.25	19.57
50.28	19.84
50.30	19.97
50.32	20.24
50.35	20.45
50.37	20.81
50.40	21.04
50.42	21.42
50.45	21.56
50.47	21.97
50.50	22.14
50.52	22.65
50.54	22.83
50.57	23.22
50.59	23.32
50.62	23.74
50.64	23.89
50.67	24.42
50.69	24.54
50.72	25.02
50.74	25.22
50.76	25.76
50.79	26.01
50.81	26.57
50.84	26.71
50.86	27.27
50.89	27.41
50.91	27.97
50.94	28.15
50.96	28.62
50.98	28.73
51.01	29.25
51.03	29.38
51.06	29.93
51.08	30.09
51.11	30.62
51.13	30.83
51.15	31.41
51.18	31.65
51.20	32.22
51.23	32.47
51.25	32.93
51.28	33.07
51.30	33.55
51.33	33.76
51.35	34.23
51.37	34.43
51.40	34.82
51.42	35.01
51.45	35.50
51.47	35.81
51.50	36.24
51.52	36.48
51.55	36.84
51.57	37.06
51.59	37.44
51.62	37.64
51.64	37.93
51.67	38.12
51.69	38.37
51.72	38.55
51.74	38.78
51.77	39.03
51.79	39.31
51.81	39.48
51.84	39.63
51.86	39.80
51.89	39.93
51.91	40.15
51.94	40.25
51.96	40.36
51.99	40.36
52.01	40.47
52.03	40.49
52.06	40.69
52.08	40.68
52.11	40.82
52.13	40.73
52.16	40.85
52.18	40.74
52.20	40.88
52.23	40.70
52.25	40.77
52.28	40.55
52.30	40.62
52.33	40.40
52.35	40.49
52.38	40.23
52.40	40.24
52.42	39.92
52.45	39.94
52.47	39.63
52.50	39.66
52.52	39.30
52.55	39.24
52.57	38.85
52.60	38.78
52.62	38.36
52.64	38.32
52.67	37.94
52.69	37.89
52.72	37.44
52.74	37.39
52.77	36.97
52.79	36.92
52.82	36.48
52.84	36.35
52.86	35.89
52.89	35.76
52.91	35.27
52.94	35.12
52.96	34.56
52.99	34.37
53.01	33.89
53.04	33.74
53.06	33.30
53.08	33.07
53.11	32.60
53.13	32.42
53.16	31.98
53.18	31.78
53.21	31.32
53.23	31.02
53.26	30.57
53.28	30.28
53.30	29.83
53.33	29.58
53.35	29.18
53.38	28.86
53.40	28.49
53.43	28.26
53.45	27.99
53.47	27.77
53.50	27.43
53.52	27.06
53.55	26.75
53.57	26.42
53.60	26.20
53.62	25.87
53.65	25.60
53.67	25.22
53.69	25.04
53.72	24.73
53.74	24.65
53.77	24.33
53.79	24.23
53.82	23.90
53.84	23.80
53.87	23.49
53.89	23.49
53.91	23.17
53.94	23.13
53.96	22.79
53.99	22.83
54.01	22.61
54.04	22.69
54.06	22.41
54.09	22.44
54.11	22.14
54.13	22.27
54.16	22.03
54.18	22.12
54.21	21.82
54.23	21.95
54.26	21.73
54.28	21.90
54.31	21.65
54.33	21.84
54.35	21.69
54.38	21.90
54.40	21.72
54.43	21.96
54.45	21.81
54.48	22.03
54.50	21.85
54.52	22.04
54.55	21.97
54.57	22.26
54.60	22.23
54.62	22.46
54.65	22.44
54.67	22.70
54.70	22.74
54.72	23.03
54.74	23.02
54.77	23.22
54.79	23.29
54.82	23.52
54.84	23.64
54.87	23.90
54.89	24.02
54.92	24.26
54.94	24.44
54.96	24.75
54.99	25.06
55.01	25.40
55.04	25.65
55.06	25.92
55.09	26.15
55.11	26.39
55.14	26.66
55.16	26.88
55.18	27.14
55.21	27.34
55.23	27.63
55.26	27.94
55.28	28.39
55.31	28.68
55.33	29.14
55.36	29.36
55.38	29.80
55.40	30.07
55.43	30.53
55.45	30.77
55.48	31.24
55.50	31.37
55.53	31.90
55.55	32.13
55.57	32.69
55.60	32.95
55.62	33.55
55.65	33.79
55.67	34.43
55.70	34.68
55.72	35.31
55.75	35.54
55.77	36.09
55.79	36.24
55.82	36.81
55.84	36.99
55.87	37.61
55.89	37.79
55.92	38.40
55.94	38.70
55.97	39.32
55.99	39.65
56.01	40.29
56.04	40.55
56.06	41.24
56.09	41.51
56.11	42.13
56.14	42.44
56.16	42.94
56.19	43.22
56.21	43.77
56.23	44.09
56.26	44.64
56.28	44.95
56.31	45.47
56.33	45.79
56.36	46.32
56.38	46.68
56.41	47.19
56.43	47.53
56.45	47.99
56.48	48.28
56.50	48.71
56.53	49.04
56.55	49.34
56.58	49.50
56.60	49.69
56.62	49.79
56.65	49.94
56.67	50.00
56.70	50.00
56.72	50.00
56.75	50.00
56.77	50.00
56.80	50.00
56.82	50.00
56.84	50.00
56.87	50.00
56.89	50.00
56.92	50.00
56.94	50.00
56.97	50.00
56.99	50.00
57.02	50.00
57.04	50.00
57.06	50.00
57.09	50.00
57.11	50.00
57.14	50.00
57.16	50.00
57.19	50.00
57.21	50.00
57.24	50.00
57.26	50.00
57.28	50.00
57.31	50.00
57.33	50.00
57.36	50.00
57.38	50.00
57.41	50.00
57.43	50.00
57.46	50.00
57.48	50.00
57.50	50.00
57.53	50.00
57.55	50.00
57.58	50.00
57.60	50.00
57.63	50.00
57.65	50.00
57.68	50.00
57.70	50.00
57.72	50.00
57.75	50.00
57.77	49.97
57.80	49.97
57.82	49.86
57.85	49.84
57.87	49.62
57.89	49.52
57.92	49.27
57.94	49.11
57.97	48.77
57.99	48.55
58.02	48.04
58.04	47.78
58.07	47.33
58.09	47.04
58.11	46.55
58.14	46.14
58.16	45.59
58.19	45.27
58.21	44.87
58.24	44.54
58.26	44.11
58.29	43.72
58.31	43.33
58.33	43.02
58.36	42.67
58.38	42.34
58.41	41.96
58.43	41.52
58.46	41.17
58.48	40.76
58.51	40.47
58.53	40.06
58.55	39.72
58.58	39.27
58.60	38.98
58.63	38.59
58.65	38.43
58.68	38.04
58.70	37.87
58.73	37.44
58.75	37.22
58.77	36.89
58.80	36.82
58.82	36.40
58.85	36.27
58.87	35.82
58.90	35.70
58.92	35.41
58.94	35.33
58.97	34.92
58.99	34.89
59.02	34.51
59.04	34.58
59.07	34.32
59.09	34.33
59.12	34.06
59.14	34.11
59.16	33.78
59.19	33.90
59.21	33.58
59.24	33.70
59.26	33.44
59.29	33.51
59.31	33.28
59.34	33.46
59.36	33.24
59.38	33.41
59.41	33.23
59.43	33.39
59.46	33.27
59.48	33.52
59.51	33.43
59.53	33.63
59.56	33.52
59.58	33.70
59.60	33.69
59.63	33.91
59.65	33.91
59.68	34.06
59.70	34.09
59.73	34.36
59.75	34.46
59.78	34.75
59.80	34.91
59.82	35.10
59.85	35.29
59.87	35.57
59.90	35.85
59.92	36.16
59.95	36.34
59.97	36.53
59.99	36.73
