Angulo	13kV	15kV	17kV	19kV	21kV	23kV	25kV	27kV	29kV	31kV	33kV	35kV
3.0	9707.0	13786.0	14188.0	12790.0	12657.0	13209.0	13551.0	13765.0	13816.0	13837.0	13856.0	13744.0
3.1	8069.0	12488.0	14411.0	13726.0	12629.0	12729.0	13172.0	13559.0	13750.0	13793.0	13869.0	13824.0
3.2	5619.0	9965.0	13168.0	14403.0	13936.0	12900.0	12532.0	12862.0	13255.0	13522.0	13662.0	13855.0
3.3	3741.0	6460.0	9878.0	12506.0	14051.0	14404.0	13881.0	13018.0	12561.0	12682.0	12926.0	13238.0
3.4	1930.0	3774.0	5757.0	8080.0	10380.0	12098.0	13535.0	14302.0	14376.0	13954.0	13252.0	12731.0
3.5	796.0	1689.0	2735.0	4055.0	5348.0	6924.0	8566.0	10194.0	11536.0	12806.0	13635.0	14242.0
3.6	317.0	675.0	1219.0	1866.0	2606.0	3492.0	4307.0	5298.0	6256.0	7531.0	8764.0	9792.0
3.7	167.0	394.0	712.0	1038.0	1528.0	2043.0	2663.0	3245.0	3999.0	4627.0	5343.0	6011.0
3.8	123.0	302.0	523.0	840.0	1224.0	1671.0	2138.0	2665.0	3157.0	3667.0	4285.0	4811.0
3.9	118.0	254.0	470.0	772.0	1145.0	1521.0	1963.0	2353.0	2854.0	3393.0	3786.0	4347.0
4.0	114.0	230.0	463.0	687.0	1023.0	1379.0	1788.0	2207.0	2644.0	3091.0	3544.0	3952.0
4.1	107.0	231.0	423.0	655.0	952.0	1242.0	1607.0	2033.0	2407.0	 2881.0	3267.0	3703.0
4.2	85.0	212.0	388.0	642.0	891.0	1175.0	1553.0	1847.0	2271.0	2676.0	3043.0	3462.0
4.3	78.0	200.0	324.0	530.0	753.0	1047.0	1354.0	1609.0	2008.0	2318.0	2684.0	3007.0
4.4	77.0	162.0	291.0	468.0	646.0	910.0	1183.0	1410.0	1706.0	2056.0	2359.0	2741.0
4.5	66.0	148.0	263.0	406.0	581.0	783.0	995.0	1220.0	1502.0	1778.0	2052.0	2307.0
4.6	49.0	127.0	233.0	358.0	503.0	660.0	864.0	1096.0	1260.0	1533.0	1766.0	2013.0
4.7	45.0	104.0	186.0	310.0	458.0	623.0	750.0	934.0	1166.0	1351.0	1583.0	1776.0
4.8	51.0	90.0	164.0	272.0	355.0	505.0	628.0	774.0	944.0	1114.0	1240.0	1379.0
4.9	40.0	85.0	139.0	217.0	302.0	412.0	510.0	608.0	733.0	864.0	1028.0	1183.0
5.0	43.0	83.0	128.0	187.0	244.0	335.0	417.0	499.0	575.0	710.0	811.0	924.0
5.1	44.0	74.0	112.0	152.0	231.0	307.0	353.0	453.0	508.0	602.0	671.0	804.0
5.2	42.0	65.0	127.0	165.0	213.0	275.0	342.0	414.0	467.0	542.0	639.0	716.0
5.3	36.0	72.0	108.0	143.0	208.0	277.0	332.0	384.0	437.0	490.0	590.0	679.0
5.4	33.0	67.0	107.0	155.0	211.0	263.0	348.0	354.0	468.0	497.0	593.0	679.0
5.5	40.0	76.0	114.0	149.0	208.0	263.0	360.0	415.0	431.0	522.0	584.0	662.0
5.6	40.0	70.0	119.0	166.0	205.0	267.0	333.0	397.0	447.0	531.0	593.0	667.0
5.7	48.0	66.0	122.0	166.0	187.0	255.0	310.0	386.0	472.0	521.0	599.0	699.0
5.8	41.0	72.0	107.0	169.0	243.0	298.0	328.0	400.0	480.0	530.0	593.0	703.0
5.9	36.0	75.0	131.0	192.0	245.0	294.0	338.0	415.0	490.0	542.0	677.0	706.0
6.0	33.0	73.0	127.0	166.0	253.0	284.0	344.0	397.0	479.0	575.0	684.0	722.0
6.1	40.0	97.0	134.0	182.0	254.0	315.0	355.0	428.0	505.0	557.0	696.0	756.0
6.2	46.0	81.0	134.0	177.0	257.0	290.0	380.0	441.0	525.0	608.0	661.0	798.0
6.3	43.0	82.0	152.0	177.0	235.0	319.0	378.0	471.0	536.0	644.0	692.0	766.0
6.4	41.0	93.0	148.0	190.0	246.0	330.0	417.0	491.0	576.0	636.0	750.0	794.0
6.5	45.0	90.0	149.0	222.0	272.0	340.0	417.0	481.0	560.0	677.0	746.0	872.0
6.6	56.0	85.0	152.0	236.0	306.0	364.0	434.0	488.0	599.0	668.0	796.0	878.0
6.7	68.0	103.0	170.0	218.0	319.0	392.0	459.0	584.0	629.0	722.0	836.0	921.0
6.8	51.0	102.0	162.0	243.0	327.0	393.0	457.0	581.0	673.0	774.0	829.0	937.0
6.9	67.0	109.0	178.0	250.0	333.0	409.0	483.0	590.0	697.0	794.0	885.0	1004.0
7.0	64.0	129.0	176.0	255.0	328.0	412.0	486.0	615.0	727.0	802.0	923.0	1050.0
7.1	60.0	107.0	187.0	266.0	365.0	441.0	550.0	668.0	742.0	875.0	936.0	1081.0
7.2	65.0	127.0	203.0	275.0	375.0	449.0	562.0	641.0	788.0	879.0	940.0	1083.0
7.3	77.0	132.0	196.0	275.0	383.0	482.0	587.0	679.0	756.0	931.0	992.0	1176.0
7.4	73.0	131.0	208.0	298.0	400.0	490.0	633.0	738.0	830.0	927.0	1034.0	1137.0
7.5	71.0	129.0	231.0	283.0	401.0	502.0	617.0	752.0	885.0	944.0	1079.0	1215.0
7.6	88.0	141.0	220.0	305.0	406.0	553.0	638.0	749.0	861.0	1004.0	1095.0	1251.0
7.7	70.0	136.0	227.0	321.0	435.0	548.0	635.0	726.0	890.0	1021.0	1121.0	1263.0
7.8	85.0	160.0	244.0	334.0	461.0	528.0	673.0	827.0	885.0	1028.0	1140.0	1278.0
7.9	94.0	150.0	247.0	348.0	457.0	544.0	665.0	817.0	921.0	1059.0	1208.0	1284.0
8.0	73.0	157.0	242.0	339.0	444.0	552.0	693.0	797.0	968.0	1056.0	1220.0	1304.0
8.1	86.0	162.0	237.0	339.0	447.0	573.0	694.0	786.0	958.0	1075.0	1193.0	1328.0
8.2	90.0	151.0	246.0	355.0	469.0	565.0	685.0	808.0	959.0	1153.0	1216.0	1323.0
8.3	104.0	160.0	253.0	340.0	469.0	566.0	707.0	859.0	942.0	1113.0	1214.0	1335.0
8.4	90.0	149.0	257.0	382.0	482.0	596.0	768.0	814.0	1022.0	1134.0	1226.0	1382.0
8.5	86.0	165.0	244.0	368.0	473.0	582.0	722.0	872.0	967.0	1122.0	1225.0	1345.0
8.6	89.0	181.0	249.0	353.0	478.0	594.0	709.0	843.0	960.0	1111.0	1227.0	1403.0
8.7	77.0	152.0	243.0	325.0	479.0	601.0	716.0	857.0	978.0	1109.0	1260.0	1361.0
8.8	84.0	173.0	249.0	346.0	469.0	588.0	725.0	789.0	964.0	1052.0	1272.0	1386.0
8.9	92.0	160.0	254.0	358.0	430.0	616.0	717.0	811.0	975.0	1085.0	1206.0	1305.0
9.0	87.0	149.0	216.0	330.0	447.0	580.0	681.0	799.0	939.0	1076.0	1171.0	1290.0
9.1	74.0	148.0	246.0	317.0	446.0	539.0	670.0	782.0	914.0	1055.0	1136.0	1278.0
9.2	66.0	135.0	212.0	306.0	395.0	516.0	610.0	743.0	893.0	964.0	1090.0	1207.0
9.3	64.0	124.0	225.0	293.0	411.0	504.0	627.0	685.0	836.0	946.0	1072.0	1189.0
9.4	72.0	133.0	193.0	274.0	365.0	495.0	606.0	696.0	813.0	884.0	1056.0	1122.0
9.5	57.0	123.0	190.0	277.0	355.0	458.0	553.0	641.0	751.0	835.0	945.0	1059.0
9.6	48.0	109.0	177.0	232.0	328.0	399.0	540.0	601.0	732.0	785.0	909.0	1029.0
9.7	49.0	102.0	174.0	218.0	304.0	382.0	491.0	594.0	646.0	777.0	883.0	938.0
9.8	44.0	100.0	151.0	201.0	280.0	356.0	481.0	569.0	629.0	713.0	822.0	869.0
9.9	45.0	96.0	147.0	201.0	262.0	364.0	448.0	498.0	604.0	678.0	767.0	866.0
10.0	43.0	74.0	137.0	174.0	248.0	322.0	419.0	475.0	549.0	663.0	748.0	795.0
10.1	31.0	74.0	130.0	170.0	227.0	323.0	353.0	466.0	555.0	604.0	709.0	758.0
10.2	44.0	72.0	109.0	152.0	235.0	300.0	383.0	445.0	515.0	575.0	665.0	719.0
10.3	25.0	62.0	106.0	164.0	210.0	285.0	315.0	383.0	459.0	571.0	633.0	691.0
10.4	30.0	48.0	94.0	144.0	207.0	269.0	309.0	378.0	454.0	524.0	595.0	622.0
10.5	27.0	49.0	84.0	128.0	196.0	231.0	298.0	335.0	377.0	473.0	518.0	591.0
10.6	42.0	58.0	70.0	119.0	171.0	239.0	288.0	342.0	383.0	427.0	502.0	550.0
10.7	21.0	43.0	71.0	115.0	160.0	207.0	247.0	316.0	364.0	425.0	475.0	543.0
10.8	19.0	35.0	70.0	112.0	155.0	198.0	257.0	263.0	334.0	404.0	445.0	493.0
10.9	20.0	26.0	59.0	113.0	142.0	201.0	256.0	273.0	316.0	390.0	431.0	490.0
11.0	14.0	27.0	61.0	105.0	137.0	178.0	216.0	237.0	298.0	328.0	417.0	437.0
11.1	16.0	29.0	53.0	103.0	128.0	168.0	198.0	249.0	294.0	343.0	392.0	444.0
11.2	15.0	29.0	57.0	90.0	131.0	179.0	202.0	251.0	280.0	306.0	365.0	424.0
11.3	13.0	28.0	43.0	86.0	134.0	174.0	186.0	250.0	257.0	334.0	380.0	398.0
11.4	8.0	31.0	61.0	73.0	117.0	158.0	196.0	214.0	265.0	307.0	354.0	372.0
11.5	13.0	24.0	59.0	91.0	118.0	171.0	173.0	228.0	254.0	306.0	374.0	385.0
11.6	13.0	27.0	43.0	94.0	125.0	143.0	188.0	220.0	280.0	287.0	359.0	401.0
11.7	12.0	21.0	44.0	76.0	119.0	150.0	198.0	201.0	256.0	286.0	305.0	358.0
11.8	12.0	20.0	45.0	84.0	116.0	156.0	187.0	235.0	268.0	288.0	343.0	367.0
11.9	8.0	23.0	43.0	82.0	120.0	156.0	182.0	189.0	273.0	299.0	335.0	394.0
12.0	12.0	15.0	51.0	72.0	114.0	149.0	168.0	216.0	257.0	296.0	326.0	361.0
12.1	13.0	22.0	57.0	86.0	109.0	145.0	180.0	191.0	253.0	270.0	323.0	347.0
12.2	7.0	21.0	52.0	74.0	114.0	139.0	183.0	211.0	259.0	280.0	327.0	356.0
12.3	14.0	18.0	48.0	89.0	104.0	147.0	167.0	196.0	227.0	275.0	314.0	364.0
12.4	9.0	21.0	60.0	74.0	111.0	137.0	176.0	220.0	252.0	285.0	307.0	361.0
12.5	7.0	20.0	44.0	81.0	123.0	140.0	185.0	198.0	235.0	265.0	307.0	319.0
12.6	4.0	23.0	48.0	86.0	99.0	128.0	155.0	200.0	216.0	267.0	320.0	321.0
12.7	7.0	22.0	57.0	82.0	108.0	152.0	156.0	218.0	225.0	290.0	320.0	340.0
12.8	8.0	24.0	56.0	91.0	117.0	144.0	163.0	192.0	231.0	248.0	321.0	344.0
12.9	7.0	27.0	52.0	72.0	118.0	141.0	171.0	194.0	247.0	250.0	301.0	308.0
13.0	8.0	29.0	48.0	76.0	111.0	129.0	159.0	212.0	234.0	266.0	311.0	342.0
13.1	7.0	34.0	50.0	90.0	129.0	156.0	181.0	194.0	257.0	265.0	322.0	359.0
13.2	11.0	25.0	58.0	83.0	123.0	151.0	168.0	207.0	246.0	283.0	300.0	336.0
13.3	10.0	41.0	51.0	78.0	125.0	163.0	164.0	201.0	230.0	277.0	300.0	343.0
13.4	8.0	33.0	65.0	80.0	119.0	138.0	175.0	196.0	235.0	259.0	315.0	320.0
13.5	9.0	33.0	56.0	89.0	122.0	133.0	181.0	207.0	220.0	289.0	300.0	334.0
13.6	8.0	30.0	50.0	69.0	103.0	139.0	170.0	205.0	226.0	243.0	292.0	327.0
13.7	11.0	36.0	67.0	76.0	109.0	148.0	159.0	194.0	222.0	244.0	277.0	316.0
13.8	9.0	31.0	64.0	80.0	112.0	153.0	161.0	204.0	225.0	234.0	293.0	322.0
13.9	6.0	27.0	53.0	91.0	99.0	138.0	157.0	193.0	213.0	235.0	312.0	330.0
14.0	8.0	36.0	64.0	79.0	105.0	140.0	147.0	160.0	206.0	230.0	274.0	317.0
14.1	9.0	30.0	54.0	83.0	92.0	122.0	164.0	177.0	208.0	240.0	271.0	298.0
14.2	6.0	30.0	49.0	82.0	97.0	129.0	151.0	180.0	210.0	244.0	269.0	298.0
14.3	12.0	41.0	54.0	84.0	97.0	114.0	159.0	175.0	223.0	244.0	274.0	305.0
14.4	9.0	41.0	61.0	96.0	100.0	126.0	161.0	197.0	219.0	248.0	284.0	304.0
14.5	13.0	34.0	66.0	86.0	113.0	134.0	163.0	171.0	224.0	248.0	300.0	289.0
14.6	11.0	38.0	50.0	97.0	110.0	135.0	156.0	193.0	221.0	257.0	253.0	314.0
14.7	13.0	36.0	61.0	92.0	103.0	125.0	167.0	198.0	209.0	249.0	304.0	308.0
14.8	15.0	48.0	66.0	77.0	109.0	122.0	158.0	204.0	228.0	249.0	272.0	302.0
14.9	16.0	38.0	68.0	74.0	105.0	137.0	149.0	175.0	229.0	243.0	267.0	321.0
15.0	16.0	35.0	62.0	73.0	115.0	123.0	167.0	161.0	226.0	247.0	263.0	309.0
15.1	15.0	39.0	53.0	65.0	108.0	128.0	150.0	184.0	210.0	245.0	265.0	312.0
15.2	25.0	40.0	56.0	90.0	112.0	131.0	149.0	183.0	215.0	244.0	283.0	306.0
15.3	15.0	40.0	52.0	84.0	116.0	141.0	165.0	178.0	206.0	258.0	272.0	325.0
15.4	20.0	43.0	65.0	88.0	119.0	135.0	155.0	196.0	203.0	235.0	288.0	302.0
15.5	21.0	45.0	61.0	93.0	111.0	138.0	162.0	193.0	188.0	249.0	282.0	312.0
15.6	19.0	45.0	64.0	87.0	101.0	142.0	154.0	184.0	225.0	242.0	280.0	298.0
15.7	23.0	47.0	64.0	89.0	106.0	126.0	152.0	207.0	218.0	248.0	286.0	300.0
15.8	22.0	43.0	63.0	91.0	109.0	127.0	169.0	191.0	218.0	250.0	270.0	315.0
15.9	20.0	37.0	64.0	87.0	115.0	124.0	160.0	185.0	213.0	253.0	290.0	296.0
16.0	25.0	48.0	77.0	86.0	119.0	131.0	163.0	192.0	210.0	250.0	280.0	310.0
16.1	26.0	45.0	60.0	86.0	123.0	140.0	148.0	192.0	206.0	247.0	277.0	307.0
16.2	24.0	40.0	63.0	88.0	108.0	135.0	165.0	190.0	214.0	247.0	275.0	332.0
16.3	24.0	42.0	66.0	91.0	120.0	130.0	161.0	204.0	225.0	259.0	284.0	315.0
16.4	27.0	50.0	77.0	84.0	106.0	143.0	166.0	196.0	212.0	240.0	270.0	326.0
16.5	27.0	45.0	73.0	90.0	114.0	138.0	157.0	187.0	215.0	239.0	268.0	297.0
16.6	28.0	45.0	63.0	83.0	117.0	129.0	162.0	177.0	224.0	257.0	277.0	299.0
16.7	26.0	51.0	70.0	96.0	102.0	128.0	165.0	194.0	221.0	247.0	267.0	305.0
16.8	28.0	39.0	77.0	89.0	102.0	136.0	155.0	187.0	225.0	250.0	280.0	291.0
16.9	25.0	53.0	76.0	96.0	106.0	150.0	164.0	196.0	197.0	246.0	266.0	295.0
17.0	24.0	51.0	71.0	89.0	120.0	133.0	176.0	197.0	226.0	232.0	291.0	316.0
17.1	24.0	44.0	69.0	85.0	121.0	134.0	166.0	172.0	207.0	256.0	272.0	314.0
17.2	26.0	45.0	69.0	87.0	119.0	125.0	173.0	207.0	221.0	237.0	264.0	329.0
17.3	35.0	52.0	78.0	84.0	112.0	123.0	154.0	214.0	213.0	247.0	267.0	313.0
17.4	26.0	47.0	64.0	86.0	115.0	129.0	173.0	175.0	205.0	229.0	273.0	300.0
17.5	29.0	58.0	74.0	71.0	107.0	126.0	164.0	210.0	203.0	247.0	262.0	303.0
17.6	27.0	48.0	67.0	87.0	104.0	149.0	177.0	195.0	215.0	238.0	269.0	283.0
17.7	27.0	45.0	61.0	79.0	112.0	134.0	174.0	187.0	227.0	237.0	280.0	302.0
17.8	36.0	41.0	61.0	84.0	110.0	137.0	162.0	185.0	220.0	225.0	266.0	307.0
17.9	30.0	44.0	72.0	84.0	113.0	125.0	162.0	175.0	197.0	240.0	243.0	295.0
18.0	30.0	51.0	70.0	87.0	106.0	141.0	158.0	185.0	203.0	255.0	273.0	303.0
18.1	26.0	43.0	62.0	88.0	103.0	133.0	167.0	192.0	208.0	237.0	267.0	286.0
18.2	30.0	44.0	62.0	85.0	110.0	137.0	173.0	191.0	217.0	234.0	267.0	280.0
18.3	28.0	48.0	76.0	82.0	102.0	133.0	146.0	172.0	219.0	248.0	249.0	300.0
18.4	31.0	54.0	64.0	93.0	105.0	136.0	147.0	193.0	213.0	229.0	272.0	281.0
18.5	28.0	48.0	61.0	81.0	104.0	137.0	156.0	198.0	209.0	237.0	255.0	266.0
18.6	31.0	52.0	70.0	84.0	93.0	120.0	149.0	199.0	224.0	247.0	263.0	287.0
18.7	30.0	60.0	66.0	88.0	107.0	139.0	166.0	202.0	226.0	228.0	276.0	295.0
18.8	32.0	52.0	69.0	90.0	121.0	146.0	167.0	191.0	227.0	259.0	273.0	298.0
18.9	34.0	57.0	72.0	90.0	111.0	142.0	165.0	193.0	224.0	239.0	274.0	286.0
19.0	42.0	52.0	69.0	79.0	106.0	134.0	173.0	194.0	218.0	267.0	264.0	285.0
19.1	32.0	53.0	70.0	99.0	120.0	128.0	173.0	193.0	223.0	239.0	278.0	296.0
19.2	32.0	49.0	67.0	85.0	120.0	134.0	164.0	192.0	226.0	235.0	293.0	321.0
19.3	33.0	43.0	77.0	98.0	119.0	143.0	181.0	198.0	220.0	266.0	276.0	280.0
19.4	32.0	51.0	67.0	93.0	124.0	140.0	183.0	181.0	223.0	241.0	277.0	312.0
19.5	42.0	52.0	71.0	87.0	101.0	138.0	160.0	200.0	216.0	231.0	279.0	317.0
19.6	41.0	53.0	73.0	86.0	124.0	135.0	170.0	196.0	240.0	242.0	275.0	330.0
19.7	26.0	50.0	73.0	87.0	120.0	137.0	154.0	194.0	208.0	253.0	274.0	313.0
19.8	35.0	55.0	76.0	83.0	104.0	139.0	161.0	194.0	235.0	240.0	265.0	299.0
19.9	24.0	43.0	65.0	100.0	124.0	121.0	174.0	173.0	245.0	264.0	287.0	318.0
20.0	32.0	53.0	68.0	94.0	119.0	152.0	182.0	222.0	260.0	278.0	308.0	330.0
20.1	34.0	60.0	89.0	113.0	160.0	190.0	224.0	252.0	279.0	324.0	375.0	409.0
20.2	54.0	87.0	159.0	203.0	242.0	316.0	384.0	422.0	482.0	517.0	589.0	659.0
20.3	132.0	233.0	392.0	547.0	728.0	861.0	1030.0	1184.0	1361.0	1499.0	1669.0	1786.0
20.4	182.0	354.0	565.0	772.0	992.0	1235.0	1504.0	1757.0	2002.0	2297.0	2542.0	2784.0
20.5	143.0	290.0	441.0	633.0	801.0	1019.0	1272.0	1484.0	1727.0	1921.0	2164.0	2410.0
20.6	63.0	89.0	128.0	193.0	239.0	318.0	361.0	446.0	539.0	622.0	708.0	819.0
20.7	43.0	66.0	96.0	114.0	158.0	193.0	230.0	290.0	308.0	352.0	397.0	465.0
20.8	35.0	55.0	75.0	108.0	152.0	182.0	228.0	274.0	308.0	330.0	378.0	433.0
20.9	41.0	55.0	79.0	99.0	130.0	161.0	0.0	228.0	290.0	306.0	343.0	380.0
21.0	46.0	45.0	0.0	99.0	140.0	151.0	206.0	205.0	239.0	286.0	305.0	357.0
