0.02	0.63
0.04	0.57
0.07	0.65
0.09	0.67
0.12	0.81
0.14	0.63
0.17	0.76
0.19	0.64
0.21	0.80
0.24	0.67
0.26	0.79
0.29	0.59
0.31	0.74
0.34	0.58
0.36	0.77
0.39	0.63
0.41	0.76
0.43	0.57
0.46	0.76
0.48	0.60
0.51	0.80
0.53	0.61
0.56	0.79
0.58	0.63
0.61	0.81
0.63	0.62
0.65	0.78
0.68	0.58
0.70	0.77
0.73	0.57
0.75	0.77
0.78	0.55
0.80	0.73
0.83	0.61
0.85	0.78
0.87	0.61
0.90	0.81
0.92	0.65
0.95	0.79
0.97	0.62
1.00	0.70
1.02	0.57
1.05	0.73
1.07	0.60
1.09	0.70
1.12	0.55
1.14	0.66
1.17	0.61
1.19	0.73
1.22	0.65
1.24	0.69
1.26	0.60
1.29	0.68
1.31	0.66
1.34	0.73
1.36	0.66
1.39	0.62
1.41	0.57
1.44	0.62
1.46	0.63
1.48	0.66
1.51	0.65
1.53	0.60
1.56	0.64
1.58	0.59
1.61	0.66
1.63	0.65
1.66	0.68
1.68	0.58
1.70	0.64
1.73	0.57
1.75	0.74
1.78	0.65
1.80	0.76
1.83	0.62
1.85	0.72
1.88	0.62
1.90	0.76
1.92	0.62
1.95	0.74
1.97	0.56
2.00	0.70
2.02	0.58
2.05	0.76
2.07	0.59
2.10	0.74
2.12	0.56
2.14	0.73
2.17	0.60
2.19	0.75
2.22	0.58
2.24	0.76
2.27	0.57
2.29	0.76
2.31	0.58
2.34	0.77
2.36	0.61
2.39	0.79
2.41	0.60
2.44	0.78
2.46	0.59
2.49	0.79
2.51	0.58
2.53	0.77
2.56	0.61
2.58	0.80
2.61	0.64
2.63	0.79
2.66	0.60
2.68	0.74
2.71	0.59
2.73	0.74
2.75	0.60
2.78	0.70
2.80	0.56
2.83	0.68
2.85	0.57
2.88	0.72
2.90	0.63
2.93	0.68
2.95	0.59
2.97	0.68
3.00	0.63
3.02	0.74
3.05	0.65
3.07	0.65
3.10	0.59
3.12	0.64
3.15	0.65
3.17	0.70
3.19	0.67
3.22	0.65
3.24	0.63
3.27	0.62
3.29	0.69
3.32	0.68
3.34	0.70
3.36	0.61
3.39	0.65
3.41	0.61
3.44	0.74
3.46	0.66
3.49	0.75
3.51	0.61
3.54	0.70
3.56	0.58
3.58	0.75
3.61	0.64
3.63	0.72
3.66	0.54
3.68	0.69
3.71	0.57
3.73	0.75
3.76	0.61
3.78	0.72
3.80	0.57
3.83	0.74
3.85	0.59
3.88	0.75
3.90	0.58
3.93	0.73
3.95	0.57
3.98	0.71
4.00	0.54
4.02	0.71
4.05	0.57
4.07	0.77
4.10	0.57
4.12	0.74
4.15	0.58
4.17	0.78
4.20	0.60
4.22	0.76
4.24	0.55
4.27	0.73
4.29	0.59
4.32	0.74
4.34	0.56
4.37	0.69
4.39	0.54
4.42	0.72
4.44	0.59
4.46	0.68
4.49	0.53
4.51	0.65
4.54	0.56
4.56	0.74
4.59	0.63
4.61	0.69
4.63	0.60
4.66	0.70
4.68	0.66
4.71	0.76
4.73	0.66
4.76	0.68
4.78	0.63
4.81	0.69
4.83	0.67
4.85	0.71
4.88	0.67
4.90	0.66
4.93	0.63
4.95	0.64
4.98	0.69
5.00	0.71
5.03	0.73
5.05	0.65
5.07	0.67
5.10	0.63
5.12	0.72
5.15	0.68
5.17	0.75
5.20	0.62
5.22	0.70
5.25	0.60
5.27	0.74
5.29	0.66
5.32	0.75
5.34	0.56
5.37	0.69
5.39	0.57
5.42	0.76
5.44	0.58
5.47	0.72
5.49	0.57
5.51	0.73
5.54	0.60
5.56	0.79
5.59	0.60
5.61	0.79
5.64	0.59
5.66	0.73
5.68	0.58
5.71	0.74
5.73	0.54
5.76	0.75
5.78	0.57
5.81	0.74
5.83	0.57
5.86	0.74
5.88	0.57
5.90	0.77
5.93	0.56
5.95	0.78
5.98	0.61
6.00	0.77
6.03	0.59
6.05	0.75
6.08	0.57
6.10	0.74
6.12	0.55
6.15	0.69
6.17	0.53
6.20	0.66
6.22	0.57
6.25	0.75
6.27	0.62
6.30	0.73
6.32	0.58
6.34	0.71
6.37	0.64
6.39	0.75
6.42	0.63
6.44	0.69
6.47	0.59
6.49	0.69
6.52	0.64
6.54	0.71
6.56	0.66
6.59	0.65
6.61	0.62
6.64	0.66
6.66	0.66
6.69	0.73
6.71	0.73
6.73	0.68
6.76	0.69
6.78	0.68
6.81	0.74
6.83	0.71
6.86	0.73
6.88	0.63
6.91	0.68
6.93	0.59
6.95	0.72
6.98	0.65
7.00	0.74
7.03	0.58
7.05	0.68
7.08	0.57
7.10	0.74
7.13	0.60
7.15	0.72
7.17	0.55
7.20	0.71
7.22	0.57
7.25	0.75
7.27	0.60
7.30	0.74
7.32	0.57
7.35	0.76
7.37	0.61
7.39	0.80
7.42	0.64
7.44	0.79
7.47	0.61
7.49	0.80
7.52	0.61
7.54	0.78
7.57	0.60
7.59	0.76
7.61	0.59
7.64	0.75
7.66	0.56
7.69	0.77
7.71	0.60
7.74	0.77
7.76	0.60
7.78	0.78
7.81	0.64
7.83	0.80
7.86	0.61
7.88	0.75
7.91	0.61
7.93	0.80
7.96	0.68
7.98	0.79
8.00	0.62
8.03	0.73
8.05	0.66
8.08	0.81
8.10	0.68
8.13	0.72
8.15	0.63
8.18	0.73
8.20	0.70
8.22	0.78
8.25	0.70
8.27	0.71
8.30	0.66
8.32	0.70
8.35	0.71
8.37	0.72
8.40	0.71
8.42	0.69
8.44	0.67
8.47	0.66
8.49	0.74
8.52	0.73
8.54	0.77
8.57	0.64
8.59	0.66
8.62	0.63
8.64	0.74
8.66	0.66
8.69	0.77
8.71	0.62
8.74	0.75
8.76	0.64
8.79	0.80
8.81	0.71
8.84	0.82
8.86	0.63
8.88	0.79
8.91	0.66
8.93	0.87
8.96	0.72
8.98	0.85
9.01	0.66
9.03	0.83
9.05	0.68
9.08	0.89
9.10	0.68
9.13	0.82
9.15	0.66
9.18	0.88
9.20	0.71
9.23	0.88
9.25	0.68
9.27	0.88
9.30	0.72
9.32	0.86
9.35	0.66
9.37	0.84
9.40	0.68
9.42	0.90
9.45	0.71
9.47	0.89
9.49	0.73
9.52	0.90
9.54	0.72
9.57	0.88
9.59	0.68
9.62	0.89
9.64	0.72
9.67	0.84
9.69	0.68
9.71	0.80
9.74	0.69
9.76	0.86
9.79	0.73
9.81	0.82
9.84	0.69
9.86	0.79
9.89	0.74
9.91	0.86
9.93	0.77
9.96	0.80
9.98	0.72
10.01	0.80
10.03	0.79
10.06	0.85
10.08	0.82
10.10	0.80
10.13	0.77
10.15	0.83
10.18	0.86
10.20	0.90
10.23	0.91
10.25	0.83
10.28	0.87
10.30	0.84
10.32	0.90
10.35	0.88
10.37	0.88
10.40	0.75
10.42	0.80
10.45	0.70
10.47	0.84
10.50	0.75
10.52	0.86
10.54	0.74
10.57	0.85
10.59	0.76
10.62	0.92
10.64	0.79
10.67	0.92
10.69	0.74
10.72	0.86
10.74	0.73
10.76	0.91
10.79	0.74
10.81	0.89
10.84	0.69
10.86	0.86
10.89	0.73
10.91	0.91
10.94	0.71
10.96	0.88
10.98	0.70
11.01	0.93
11.03	0.76
11.06	0.95
11.08	0.77
11.11	0.97
11.13	0.79
11.15	0.98
11.18	0.76
11.20	0.94
11.23	0.75
11.25	0.93
11.28	0.78
11.30	0.97
11.33	0.80
11.35	0.99
11.37	0.80
11.40	0.93
11.42	0.79
11.45	0.99
11.47	0.85
11.50	0.96
11.52	0.78
11.55	0.91
11.57	0.83
11.59	0.97
11.62	0.86
11.64	0.93
11.67	0.83
11.69	0.93
11.72	0.88
11.74	1.00
11.77	0.93
11.79	0.92
11.81	0.88
11.84	0.91
11.86	0.91
11.89	0.97
11.91	0.91
11.94	0.89
11.96	0.87
11.99	0.85
12.01	0.94
12.03	0.94
12.06	0.97
12.08	0.93
12.11	0.95
12.13	0.91
12.16	1.04
12.18	0.99
12.21	1.08
12.23	0.95
12.25	1.00
12.28	0.93
12.30	1.07
12.33	0.97
12.35	1.08
12.38	0.89
12.40	1.03
12.42	0.92
12.45	1.11
12.47	1.00
12.50	1.11
12.52	0.89
12.55	1.08
12.57	0.90
12.60	1.09
12.62	0.86
12.64	0.99
12.67	0.82
12.69	1.07
12.72	0.89
12.74	1.12
12.77	0.93
12.79	1.13
12.82	0.98
12.84	1.15
12.86	0.94
12.89	1.15
12.91	0.97
12.94	1.17
12.96	0.99
12.99	1.13
13.01	0.97
13.04	1.15
13.06	0.96
13.08	1.10
13.11	0.93
13.13	1.13
13.16	1.02
13.18	1.18
13.21	1.02
13.23	1.16
13.26	1.05
13.28	1.24
13.30	1.10
13.33	1.18
13.35	1.03
13.38	1.12
13.40	1.05
13.43	1.16
13.45	1.06
13.47	1.13
13.50	1.04
13.52	1.14
13.55	1.18
13.57	1.26
13.60	1.22
13.62	1.19
13.65	1.15
13.67	1.19
13.69	1.19
13.72	1.19
13.74	1.18
13.77	1.12
13.79	1.11
13.82	1.06
13.84	1.12
13.87	1.11
13.89	1.14
13.91	1.04
13.94	1.13
13.96	1.08
13.99	1.22
14.01	1.16
14.04	1.23
14.06	1.07
14.09	1.16
14.11	1.01
14.13	1.17
14.16	1.04
14.18	1.13
14.21	0.98
14.23	1.12
14.26	0.97
14.28	1.20
14.31	1.04
14.33	1.20
14.35	1.03
14.38	1.21
14.40	1.07
14.43	1.27
14.45	1.04
14.48	1.20
14.50	1.01
14.52	1.21
14.55	1.01
14.57	1.21
14.60	1.04
14.62	1.25
14.65	1.06
14.67	1.27
14.70	1.04
14.72	1.23
14.74	1.05
14.77	1.19
14.79	1.01
14.82	1.21
14.84	1.04
14.87	1.22
14.89	1.04
14.92	1.15
14.94	1.03
14.96	1.22
14.99	1.08
15.01	1.18
15.04	1.01
15.06	1.14
15.09	1.05
15.11	1.19
15.14	1.07
15.16	1.13
15.18	1.02
15.21	1.13
15.23	1.06
15.26	1.17
15.28	1.07
15.31	1.09
15.33	1.03
15.36	1.08
15.38	1.08
15.40	1.17
15.43	1.13
15.45	1.10
15.48	1.08
15.50	1.06
15.53	1.12
15.55	1.13
15.57	1.13
15.60	1.07
15.62	1.10
15.65	1.06
15.67	1.18
15.70	1.14
15.72	1.19
15.75	1.06
15.77	1.12
15.79	1.05
15.82	1.20
15.84	1.10
15.87	1.19
15.89	1.01
15.92	1.14
15.94	1.06
15.97	1.25
15.99	1.11
16.01	1.27
16.04	1.08
16.06	1.27
16.09	1.13
16.11	1.29
16.14	1.12
16.16	1.26
16.19	1.06
16.21	1.30
16.23	1.11
16.26	1.31
16.28	1.13
16.31	1.31
16.33	1.15
16.36	1.33
16.38	1.11
16.41	1.34
16.43	1.19
16.45	1.38
16.48	1.20
16.50	1.37
16.53	1.21
16.55	1.44
16.58	1.27
16.60	1.43
16.63	1.29
16.65	1.50
16.67	1.40
16.70	1.54
16.72	1.34
16.75	1.49
16.77	1.37
16.80	1.55
16.82	1.46
16.84	1.55
16.87	1.44
16.89	1.56
16.92	1.50
16.94	1.64
16.97	1.54
16.99	1.60
17.02	1.53
17.04	1.61
17.06	1.61
17.09	1.68
17.11	1.63
17.14	1.65
17.16	1.59
17.19	1.64
17.21	1.70
17.24	1.74
17.26	1.78
17.28	1.77
17.31	1.75
17.33	1.76
17.36	1.82
17.38	1.82
17.41	1.90
17.43	1.78
17.46	1.82
17.48	1.78
17.50	1.89
17.53	1.84
17.55	1.95
17.58	1.78
17.60	1.91
17.63	1.85
17.65	2.01
17.68	1.92
17.70	2.06
17.72	1.89
17.75	2.07
17.77	1.94
17.80	2.13
17.82	1.98
17.85	2.13
17.87	1.95
17.89	2.10
17.92	1.97
17.94	2.16
17.97	1.94
17.99	2.11
18.02	1.92
18.04	2.10
18.07	1.92
18.09	2.06
18.11	1.88
18.14	2.12
18.16	1.93
18.19	2.10
18.21	1.90
18.24	2.10
18.26	1.94
18.29	2.11
18.31	1.90
18.33	2.10
18.36	1.94
18.38	2.11
18.41	1.91
18.43	2.06
18.46	1.90
18.48	2.09
18.51	1.96
18.53	2.08
18.55	1.89
18.58	2.03
18.60	1.94
18.63	2.09
18.65	1.94
18.68	2.00
18.70	1.87
18.73	1.97
18.75	1.92
18.77	2.00
18.80	1.91
18.82	1.90
18.85	1.83
18.87	1.90
18.90	1.89
18.92	1.94
18.94	1.90
18.97	1.88
18.99	1.87
19.02	1.87
19.04	1.89
19.07	1.89
19.09	1.90
19.12	1.81
19.14	1.83
19.16	1.78
19.19	1.86
19.21	1.80
19.24	1.85
19.26	1.71
19.29	1.73
19.31	1.62
19.34	1.77
19.36	1.69
19.38	1.80
19.41	1.60
19.43	1.70
19.46	1.60
19.48	1.80
19.51	1.62
19.53	1.72
19.56	1.49
19.58	1.66
19.60	1.52
19.63	1.71
19.65	1.52
19.68	1.67
19.70	1.50
19.73	1.68
19.75	1.53
19.78	1.71
19.80	1.55
19.82	1.68
19.85	1.47
19.87	1.64
19.90	1.47
19.92	1.64
19.95	1.43
19.97	1.60
19.99	1.43
20.02	1.59
20.04	1.41
20.07	1.60
20.09	1.42
20.12	1.58
20.14	1.40
20.17	1.58
20.19	1.46
20.21	1.61
20.24	1.41
20.26	1.53
20.29	1.39
20.31	1.57
20.34	1.46
20.36	1.55
20.39	1.41
20.41	1.55
20.43	1.50
20.46	1.67
20.48	1.54
20.51	1.58
20.53	1.50
20.56	1.58
20.58	1.53
20.61	1.60
20.63	1.50
20.65	1.51
20.68	1.47
20.70	1.49
20.73	1.52
20.75	1.54
20.78	1.53
20.80	1.53
20.83	1.55
20.85	1.54
20.87	1.62
20.90	1.63
20.92	1.72
20.95	1.65
20.97	1.70
21.00	1.64
21.02	1.78
21.05	1.73
21.07	1.85
21.09	1.71
21.12	1.83
21.14	1.76
21.17	1.94
21.19	1.87
21.22	1.99
21.24	1.82
21.26	2.00
21.29	1.86
21.31	2.08
21.34	1.97
21.36	2.14
21.39	2.01
21.41	2.21
21.44	2.11
21.46	2.34
21.48	2.18
21.51	2.36
21.53	2.24
21.56	2.49
21.58	2.35
21.61	2.54
21.63	2.41
21.66	2.63
21.68	2.49
21.70	2.68
21.73	2.54
21.75	2.76
21.78	2.64
21.80	2.88
21.83	2.72
21.85	2.97
21.88	2.83
21.90	2.99
21.92	2.85
21.95	3.03
21.97	2.90
22.00	3.11
22.02	3.00
22.05	3.16
22.07	3.04
22.10	3.19
22.12	3.12
22.14	3.29
22.17	3.20
22.19	3.32
22.22	3.23
22.24	3.40
22.27	3.40
22.29	3.52
22.31	3.45
22.34	3.52
22.36	3.47
22.39	3.55
22.41	3.53
22.44	3.57
22.46	3.55
22.49	3.56
22.51	3.54
22.53	3.58
22.56	3.64
22.58	3.70
22.61	3.76
22.63	3.70
22.66	3.73
22.68	3.72
22.71	3.79
22.73	3.76
22.75	3.80
22.78	3.67
22.80	3.73
22.83	3.64
22.85	3.77
22.88	3.67
22.90	3.73
22.93	3.54
22.95	3.64
22.97	3.51
23.00	3.69
23.02	3.55
23.05	3.66
23.07	3.48
23.10	3.65
23.12	3.52
23.15	3.71
23.17	3.50
23.19	3.61
23.22	3.40
23.24	3.57
23.27	3.41
23.29	3.54
23.32	3.34
23.34	3.51
23.36	3.31
23.39	3.53
23.41	3.29
23.44	3.41
23.46	3.23
23.49	3.36
23.51	3.14
23.54	3.31
23.56	3.04
23.58	3.21
23.61	3.01
23.63	3.12
23.66	2.94
23.68	3.10
23.71	2.92
23.73	3.07
23.76	2.85
23.78	2.96
23.80	2.81
23.83	2.96
23.85	2.79
23.88	2.84
23.90	2.65
23.93	2.75
23.95	2.63
23.98	2.72
24.00	2.60
24.02	2.63
24.05	2.52
24.07	2.58
24.10	2.53
24.12	2.63
24.15	2.55
24.17	2.47
24.20	2.38
24.22	2.40
24.24	2.38
24.27	2.36
24.29	2.28
24.32	2.24
24.34	2.23
24.37	2.21
24.39	2.25
24.42	2.22
24.44	2.26
24.46	2.17
24.49	2.16
24.51	2.08
24.54	2.16
24.56	2.09
24.59	2.14
24.61	1.97
24.63	2.03
24.66	1.95
24.68	2.08
24.71	1.96
24.73	2.09
24.76	1.90
24.78	2.05
24.81	1.93
24.83	2.06
24.85	1.94
24.88	2.05
24.90	1.82
24.93	1.98
24.95	1.81
24.98	2.00
25.00	1.83
25.03	1.95
25.05	1.79
25.07	1.99
25.10	1.85
25.12	2.05
25.15	1.87
25.17	2.06
25.20	1.91
25.22	2.11
25.25	1.91
25.27	2.12
25.29	1.94
25.32	2.13
25.34	1.96
25.37	2.17
25.39	2.01
25.42	2.21
25.44	2.01
25.47	2.18
25.49	2.05
25.51	2.27
25.54	2.15
25.56	2.29
25.59	2.17
25.61	2.34
25.64	2.27
25.66	2.46
25.68	2.34
25.71	2.43
25.73	2.35
25.76	2.47
25.78	2.46
25.81	2.60
25.83	2.55
25.86	2.65
25.88	2.62
25.90	2.74
25.93	2.81
25.95	2.90
25.98	2.92
26.00	2.95
26.03	2.95
26.05	3.03
26.08	3.12
26.10	3.15
26.12	3.23
26.15	3.20
26.17	3.29
26.20	3.33
26.22	3.46
26.25	3.46
26.27	3.59
26.30	3.51
26.32	3.68
26.34	3.63
26.37	3.84
26.39	3.86
26.42	4.06
26.44	3.95
26.47	4.17
26.49	4.11
26.52	4.39
26.54	4.31
26.56	4.48
26.59	4.33
26.61	4.58
26.64	4.51
26.66	4.80
26.69	4.66
26.71	4.92
26.73	4.81
26.76	5.08
26.78	5.00
26.81	5.28
26.83	5.12
26.86	5.37
26.88	5.23
26.91	5.48
26.93	5.36
26.95	5.57
26.98	5.44
27.00	5.72
27.03	5.62
27.05	5.86
27.08	5.75
27.10	5.97
27.13	5.87
27.15	6.04
27.17	5.90
27.20	6.12
27.22	6.02
27.25	6.20
27.27	6.05
27.30	6.22
27.32	6.17
27.35	6.37
27.37	6.25
27.39	6.35
27.42	6.24
27.44	6.39
27.47	6.33
27.49	6.43
27.52	6.31
27.54	6.37
27.57	6.25
27.59	6.33
27.61	6.29
27.64	6.34
27.66	6.28
27.69	6.29
27.71	6.24
27.74	6.29
27.76	6.28
27.78	6.31
27.81	6.29
27.83	6.21
27.86	6.19
27.88	6.12
27.91	6.14
27.93	6.07
27.96	6.05
27.98	5.91
28.00	5.90
28.03	5.76
28.05	5.85
28.08	5.74
28.10	5.78
28.13	5.57
28.15	5.60
28.18	5.43
28.20	5.52
28.22	5.32
28.25	5.35
28.27	5.10
28.30	5.18
28.32	4.99
28.35	5.11
28.37	4.89
28.40	4.99
28.42	4.76
28.44	4.88
28.47	4.71
28.49	4.84
28.52	4.63
28.54	4.74
28.57	4.48
28.59	4.64
28.62	4.37
28.64	4.48
28.66	4.22
28.69	4.33
28.71	4.10
28.74	4.21
28.76	3.91
28.79	4.07
28.81	3.79
28.84	3.92
28.86	3.69
28.88	3.81
28.91	3.61
28.93	3.75
28.96	3.51
28.98	3.61
29.01	3.41
29.03	3.55
29.05	3.37
29.08	3.40
29.10	3.16
29.13	3.26
29.15	3.12
29.18	3.23
29.20	3.08
29.23	3.10
29.25	2.98
29.27	3.05
29.30	2.95
29.32	3.01
29.35	2.88
29.37	2.84
29.40	2.76
29.42	2.81
29.45	2.78
29.47	2.80
29.49	2.74
29.52	2.72
29.54	2.66
29.57	2.63
29.59	2.65
29.62	2.67
29.64	2.69
29.67	2.61
29.69	2.61
29.71	2.59
29.74	2.67
29.76	2.61
29.79	2.64
29.81	2.49
29.84	2.58
29.86	2.51
29.89	2.67
29.91	2.60
29.93	2.74
29.96	2.58
29.98	2.76
30.01	2.64
30.03	2.86
30.06	2.72
30.08	2.85
30.10	2.65
30.13	2.86
30.15	2.72
30.18	2.93
30.20	2.72
30.23	2.93
30.25	2.79
30.28	3.07
30.30	2.93
30.32	3.14
30.35	2.98
30.37	3.26
30.40	3.08
30.42	3.30
30.45	3.11
30.47	3.34
30.50	3.23
30.52	3.51
30.54	3.34
30.57	3.58
30.59	3.48
30.62	3.72
30.64	3.63
30.67	3.83
30.69	3.72
30.72	4.01
30.74	3.95
30.76	4.15
30.79	4.06
30.81	4.24
30.84	4.24
30.86	4.50
30.89	4.48
30.91	4.67
30.94	4.63
30.96	4.84
30.98	4.91
31.01	5.10
31.03	5.11
31.06	5.22
31.08	5.23
31.11	5.42
31.13	5.52
31.15	5.67
31.18	5.74
31.20	5.83
31.23	5.94
31.25	6.09
31.28	6.24
31.30	6.39
31.33	6.56
31.35	6.59
31.37	6.75
31.40	6.82
31.42	7.03
31.45	7.14
31.47	7.31
31.50	7.28
31.52	7.50
31.55	7.53
31.57	7.79
31.59	7.82
31.62	8.05
31.64	8.02
31.67	8.28
31.69	8.30
31.72	8.62
31.74	8.58
31.77	8.81
31.79	8.72
31.81	8.96
31.84	8.91
31.86	9.17
31.89	9.07
31.91	9.32
31.94	9.24
31.96	9.53
31.99	9.50
32.01	9.75
32.03	9.66
32.06	9.92
32.08	9.78
32.11	10.03
32.13	9.88
32.16	10.09
32.18	10.01
32.20	10.23
32.23	10.09
32.25	10.34
32.28	10.19
32.30	10.39
32.33	10.24
32.35	10.42
32.38	10.25
32.40	10.44
32.42	10.29
32.45	10.44
32.47	10.26
32.50	10.37
32.52	10.21
32.55	10.38
32.57	10.24
32.60	10.31
32.62	10.11
32.64	10.19
32.67	10.07
32.69	10.13
32.72	9.95
32.74	9.92
32.77	9.77
32.79	9.82
32.82	9.74
32.84	9.74
32.86	9.61
32.89	9.53
32.91	9.42
32.94	9.33
32.96	9.23
32.99	9.11
33.01	8.99
33.04	8.80
33.06	8.69
33.08	8.53
33.11	8.48
33.13	8.35
33.16	8.30
33.18	8.11
33.21	8.08
33.23	7.92
33.26	7.97
33.28	7.79
33.30	7.76
33.33	7.49
33.35	7.44
33.38	7.22
33.40	7.24
33.43	6.99
33.45	7.02
33.47	6.72
33.50	6.77
33.52	6.54
33.55	6.58
33.57	6.34
33.60	6.35
33.62	6.01
33.65	6.14
33.67	5.85
33.69	5.92
33.72	5.64
33.74	5.69
33.77	5.39
33.79	5.52
33.82	5.18
33.84	5.29
33.87	5.01
33.89	5.13
33.91	4.87
33.94	4.97
33.96	4.68
33.99	4.83
34.01	4.58
34.04	4.70
34.06	4.42
34.09	4.53
34.11	4.31
34.13	4.41
34.16	4.16
34.18	4.26
34.21	4.05
34.23	4.20
34.26	4.03
34.28	4.10
34.31	3.88
34.33	3.97
34.35	3.83
34.38	3.95
34.40	3.78
34.43	3.80
34.45	3.65
34.48	3.71
34.50	3.64
34.52	3.71
34.55	3.59
34.57	3.62
34.60	3.54
34.62	3.62
34.65	3.65
34.67	3.70
34.70	3.69
34.72	3.66
34.74	3.64
34.77	3.68
34.79	3.74
34.82	3.73
34.84	3.75
34.87	3.66
34.89	3.73
34.92	3.74
34.94	3.85
34.96	3.82
34.99	3.97
35.01	3.88
35.04	4.02
35.06	3.97
35.09	4.17
35.11	4.13
35.14	4.30
35.16	4.17
35.18	4.38
35.21	4.33
35.23	4.61
35.26	4.50
35.28	4.70
35.31	4.58
35.33	4.83
35.36	4.77
35.38	5.07
35.40	4.95
35.43	5.20
35.45	5.11
35.48	5.41
35.50	5.35
35.53	5.67
35.55	5.57
35.57	5.88
35.60	5.82
35.62	6.11
35.65	6.05
35.67	6.34
35.70	6.26
35.72	6.58
35.75	6.53
35.77	6.88
35.79	6.88
35.82	7.17
35.84	7.14
35.87	7.43
35.89	7.41
35.92	7.74
35.94	7.74
35.97	8.00
35.99	7.99
36.01	8.27
36.04	8.36
36.06	8.68
36.09	8.75
36.11	9.00
36.14	9.10
36.16	9.40
36.19	9.55
36.21	9.83
36.23	9.93
36.26	10.13
36.28	10.23
36.31	10.47
36.33	10.65
36.36	10.86
36.38	11.01
36.41	11.19
36.43	11.38
36.45	11.60
36.48	11.85
36.50	12.07
36.53	12.32
36.55	12.43
36.58	12.64
36.60	12.75
36.62	13.01
36.65	13.12
36.67	13.31
36.70	13.33
36.72	13.58
36.75	13.66
36.77	14.01
36.80	14.07
36.82	14.38
36.84	14.41
36.87	14.71
36.89	14.71
36.92	15.06
36.94	15.02
36.97	15.25
36.99	15.10
37.02	15.35
37.04	15.29
37.06	15.57
37.09	15.45
37.11	15.73
37.14	15.62
37.16	15.91
37.19	15.81
37.21	16.03
37.24	15.92
37.26	16.10
37.28	15.90
37.31	16.12
37.33	15.91
37.36	16.08
37.38	15.89
37.41	16.06
37.43	15.86
37.46	16.02
37.48	15.80
37.50	15.97
37.53	15.72
37.55	15.81
37.58	15.58
37.60	15.70
37.63	15.49
37.65	15.56
37.68	15.27
37.70	15.32
37.72	15.11
37.75	15.16
37.77	14.91
37.80	14.85
37.82	14.54
37.85	14.55
37.87	14.32
37.89	14.29
37.92	14.02
37.94	13.89
37.97	13.65
37.99	13.59
38.02	13.41
38.04	13.31
38.07	13.04
38.09	12.88
38.11	12.67
38.14	12.49
38.16	12.28
38.19	12.09
38.21	11.88
38.24	11.66
38.26	11.44
38.29	11.19
38.31	11.09
38.33	10.90
38.36	10.75
38.38	10.45
38.41	10.31
38.43	10.08
38.46	10.06
38.48	9.79
38.51	9.71
38.53	9.37
38.55	9.29
38.58	9.01
38.60	8.99
38.63	8.67
38.65	8.63
38.68	8.29
38.70	8.33
38.73	8.05
38.75	8.08
38.77	7.79
38.80	7.79
38.82	7.48
38.85	7.51
38.87	7.20
38.90	7.26
38.92	6.94
38.94	6.97
38.97	6.69
38.99	6.77
39.02	6.48
39.04	6.58
39.07	6.30
39.09	6.42
39.12	6.17
39.14	6.26
39.16	5.99
39.19	6.10
39.21	5.85
39.24	5.96
39.26	5.68
39.29	5.81
39.31	5.60
39.34	5.70
39.36	5.44
39.38	5.53
39.41	5.35
39.43	5.56
39.46	5.40
39.48	5.47
39.51	5.32
39.53	5.45
39.56	5.36
39.58	5.49
39.60	5.39
39.63	5.43
39.65	5.34
39.68	5.43
39.70	5.45
39.73	5.52
39.75	5.46
39.78	5.49
39.80	5.47
39.82	5.56
39.85	5.60
39.87	5.67
39.90	5.73
39.92	5.79
39.95	5.83
39.97	5.91
39.99	6.05
40.02	6.15
40.04	6.30
40.07	6.29
40.09	6.39
40.12	6.43
40.14	6.63
40.17	6.71
40.19	6.85
40.21	6.78
40.24	7.03
40.26	7.05
40.29	7.36
40.31	7.37
40.34	7.61
40.36	7.61
40.39	7.91
40.41	7.92
40.43	8.29
40.46	8.25
40.48	8.55
40.51	8.53
40.53	8.89
40.56	8.88
40.58	9.25
40.61	9.22
40.63	9.56
40.65	9.57
40.68	9.98
40.70	10.01
40.73	10.43
40.75	10.45
40.78	10.86
40.80	10.88
40.83	11.29
40.85	11.29
40.87	11.67
40.90	11.72
40.92	12.10
40.95	12.18
40.97	12.64
41.00	12.70
41.02	13.11
41.05	13.19
41.07	13.57
41.09	13.73
41.12	14.12
41.14	14.24
41.17	14.61
41.19	14.69
41.22	15.06
41.24	15.25
41.26	15.61
41.29	15.79
41.31	16.12
41.34	16.30
41.36	16.70
41.39	16.96
41.41	17.28
41.44	17.52
41.46	17.81
41.48	18.00
41.51	18.29
41.53	18.52
41.56	18.80
41.58	19.02
41.61	19.20
41.63	19.43
41.66	19.67
41.68	19.99
41.70	20.27
41.73	20.51
41.75	20.64
41.78	20.93
41.80	21.05
41.83	21.35
41.85	21.47
41.88	21.70
41.90	21.72
41.92	22.00
41.95	22.03
41.97	22.38
42.00	22.38
42.02	22.60
42.05	22.55
42.07	22.82
42.10	22.77
42.12	23.01
42.14	22.90
42.17	23.13
42.19	23.00
42.22	23.23
42.24	23.12
42.27	23.31
42.29	23.17
42.31	23.33
42.34	23.13
42.36	23.34
42.39	23.15
42.41	23.29
42.44	23.08
42.46	23.20
42.49	22.92
42.51	23.05
42.53	22.75
42.56	22.84
42.58	22.55
42.61	22.65
42.63	22.35
42.66	22.44
42.68	22.13
42.71	22.17
42.73	21.78
42.75	21.78
42.78	21.41
42.80	21.40
42.83	21.05
42.85	20.95
42.88	20.55
42.90	20.50
42.93	20.17
42.95	20.14
42.97	19.83
43.00	19.71
43.02	19.35
43.05	19.22
43.07	18.91
43.10	18.78
43.12	18.41
43.15	18.14
43.17	17.78
43.19	17.56
43.22	17.32
43.24	17.12
43.27	16.83
43.29	16.58
43.32	16.27
43.34	16.05
43.36	15.87
43.39	15.59
43.41	15.31
43.44	14.97
43.46	14.72
43.49	14.44
43.51	14.24
43.54	13.91
43.56	13.71
43.58	13.39
43.61	13.20
43.63	12.90
43.66	12.80
43.68	12.52
43.71	12.44
43.73	12.08
43.76	11.97
43.78	11.64
43.80	11.59
43.83	11.28
43.85	11.19
43.88	10.79
43.90	10.73
43.93	10.41
43.95	10.43
43.98	10.11
44.00	10.09
44.02	9.77
44.05	9.85
44.07	9.56
44.10	9.62
44.12	9.32
44.15	9.38
44.17	9.07
44.20	9.13
44.22	8.82
44.24	8.93
44.27	8.65
44.29	8.75
44.32	8.47
44.34	8.61
44.37	8.36
44.39	8.49
44.41	8.22
44.44	8.33
44.46	8.11
44.49	8.28
44.51	8.10
44.54	8.20
44.56	8.03
44.59	8.17
44.61	8.07
44.63	8.26
44.66	8.14
44.68	8.25
44.71	8.17
44.73	8.30
44.76	8.31
44.78	8.46
44.81	8.41
44.83	8.53
44.85	8.51
44.88	8.67
44.90	8.75
44.93	8.90
44.95	8.97
44.98	9.06
45.00	9.12
45.03	9.26
45.05	9.40
45.07	9.53
45.10	9.70
45.12	9.75
45.15	9.90
45.17	10.02
45.20	10.26
45.22	10.44
45.25	10.65
45.27	10.70
45.29	10.99
45.32	11.07
45.34	11.42
45.37	11.51
45.39	11.78
45.42	11.79
45.44	12.10
45.47	12.16
45.49	12.62
45.51	12.67
45.54	13.09
45.56	13.16
45.59	13.63
45.61	13.75
45.64	14.22
45.66	14.26
45.68	14.69
45.71	14.74
45.73	15.22
45.76	15.32
45.78	15.78
45.81	15.86
45.83	16.38
45.86	16.53
45.88	17.07
45.90	17.17
45.93	17.67
45.95	17.83
45.98	18.36
46.00	18.44
46.03	18.95
46.05	19.05
46.08	19.55
46.10	19.72
46.12	20.18
46.15	20.38
46.17	20.93
46.20	21.15
46.22	21.65
46.25	21.83
46.27	22.29
46.30	22.60
46.32	23.10
46.34	23.36
46.37	23.80
46.39	24.00
46.42	24.46
46.44	24.74
46.47	25.14
46.49	25.38
46.52	25.72
46.54	25.98
46.56	26.41
46.59	26.74
46.61	27.13
46.64	27.42
46.66	27.72
46.69	28.02
46.71	28.36
46.73	28.61
46.76	28.90
46.78	29.15
46.81	29.35
46.83	29.64
46.86	29.81
46.88	30.14
46.91	30.43
46.93	30.76
46.95	30.91
46.98	31.19
47.00	31.31
47.03	31.70
47.05	31.79
47.08	32.02
47.10	31.97
47.13	32.22
47.15	32.24
47.17	32.56
47.20	32.50
47.22	32.77
47.25	32.67
47.27	32.89
47.30	32.81
47.32	33.06
47.35	32.92
47.37	33.09
47.39	32.88
47.42	33.09
47.44	32.93
47.47	33.06
47.49	32.85
47.52	32.92
47.54	32.66
47.57	32.74
47.59	32.43
47.61	32.49
47.64	32.22
47.66	32.25
47.69	31.90
47.71	31.90
47.74	31.52
47.76	31.56
47.78	31.20
47.81	31.20
47.83	30.81
47.86	30.80
47.88	30.39
47.91	30.32
47.93	29.82
47.96	29.68
47.98	29.21
48.00	29.08
48.03	28.65
48.05	28.44
48.08	27.91
48.10	27.74
48.13	27.34
48.15	27.19
48.18	26.76
48.20	26.47
48.22	26.03
48.25	25.84
48.27	25.43
48.30	25.14
48.32	24.68
48.35	24.28
48.37	23.81
48.40	23.51
48.42	23.11
48.44	22.80
48.47	22.44
48.49	22.08
48.52	21.77
48.54	21.50
48.57	21.24
48.59	20.97
48.62	20.67
48.64	20.25
48.66	19.91
48.69	19.53
48.71	19.26
48.74	18.86
48.76	18.59
48.79	18.13
48.81	17.94
48.84	17.67
48.86	17.42
48.88	17.11
48.91	16.92
48.93	16.61
48.96	16.52
48.98	16.20
49.01	15.96
49.03	15.70
49.05	15.57
49.08	15.34
49.10	15.18
49.13	14.85
49.15	14.74
49.18	14.49
49.20	14.50
49.23	14.26
49.25	14.21
49.27	13.92
49.30	13.92
49.32	13.69
49.35	13.78
49.37	13.51
49.40	13.56
49.42	13.33
49.45	13.44
49.47	13.26
49.49	13.40
49.52	13.14
49.54	13.30
49.57	13.06
49.59	13.20
49.62	13.05
49.64	13.20
49.67	13.02
49.69	13.26
49.71	13.09
49.74	13.31
49.76	13.17
49.79	13.40
49.81	13.34
49.84	13.60
49.86	13.47
49.89	13.73
49.91	13.63
49.93	13.91
49.96	13.84
49.98	14.08
50.01	14.07
50.03	14.40
50.06	14.45
50.08	14.77
50.10	14.79
50.13	15.10
50.15	15.21
50.18	15.56
50.20	15.62
50.23	15.85
50.25	15.90
50.28	16.22
50.30	16.36
50.32	16.65
50.35	16.81
50.37	17.09
50.40	17.32
50.42	17.71
50.45	18.02
50.47	18.41
50.50	18.71
50.52	19.02
50.54	19.33
50.57	19.62
50.59	19.96
50.62	20.26
50.64	20.59
50.67	20.84
50.69	21.18
50.72	21.49
50.74	21.99
50.76	22.32
50.79	22.82
50.81	23.08
50.84	23.60
50.86	23.93
50.89	24.47
50.91	24.74
50.94	25.23
50.96	25.40
50.98	25.91
51.01	26.14
51.03	26.76
51.06	27.06
51.08	27.69
51.11	27.95
51.13	28.63
51.15	28.98
51.18	29.71
51.20	29.99
51.23	30.68
51.25	30.88
51.28	31.55
51.30	31.83
51.33	32.46
51.35	32.68
51.37	33.31
51.40	33.55
51.42	34.29
51.45	34.58
51.47	35.21
51.50	35.51
51.52	36.21
51.55	36.54
51.57	37.21
51.59	37.44
51.62	38.04
51.64	38.30
51.67	38.86
51.69	39.06
51.72	39.56
51.74	39.78
51.77	40.30
51.79	40.52
51.81	41.01
51.84	41.31
51.86	41.86
51.89	42.16
51.91	42.59
51.94	42.80
51.96	43.19
51.99	43.41
52.01	43.82
52.03	43.97
52.06	44.21
52.08	44.36
52.11	44.65
52.13	44.89
52.16	45.20
52.18	45.34
52.20	45.54
52.23	45.68
52.25	45.88
52.28	46.06
52.30	46.20
52.33	46.32
52.35	46.33
52.38	46.41
52.40	46.47
52.42	46.56
52.45	46.56
52.47	46.63
52.50	46.52
52.52	46.53
52.55	46.39
52.57	46.42
52.60	46.30
52.62	46.30
52.64	46.03
52.67	46.04
52.69	45.82
52.72	45.85
52.74	45.59
52.77	45.51
52.79	45.14
52.82	45.09
52.84	44.71
52.86	44.64
52.89	44.24
52.91	44.08
52.94	43.59
52.96	43.46
52.99	43.02
53.01	42.86
53.04	42.42
53.06	42.24
53.08	41.72
53.11	41.54
53.13	41.00
53.16	40.79
53.18	40.22
53.21	39.95
53.23	39.33
53.26	39.06
53.28	38.49
53.30	38.26
53.33	37.68
53.35	37.50
53.38	36.90
53.40	36.74
53.43	36.20
53.45	35.95
53.47	35.34
53.50	35.02
53.52	34.38
53.55	34.13
53.57	33.51
53.60	33.17
53.62	32.54
53.65	32.22
53.67	31.67
53.69	31.42
53.72	30.91
53.74	30.61
53.77	30.10
53.79	29.82
53.82	29.43
53.84	29.20
53.87	28.71
53.89	28.33
53.91	27.88
53.94	27.59
53.96	27.21
53.99	26.86
54.01	26.50
54.04	26.17
54.06	25.86
54.09	25.57
54.11	25.35
54.13	25.13
54.16	24.93
54.18	24.60
54.21	24.38
54.23	24.07
54.26	23.93
54.28	23.66
54.31	23.49
54.33	23.12
54.35	22.99
54.38	22.75
54.40	22.76
54.43	22.53
54.45	22.50
54.48	22.25
54.50	22.32
54.52	22.14
54.55	22.27
54.57	22.05
54.60	22.13
54.62	21.92
54.65	22.05
54.67	21.87
54.70	22.05
54.72	21.86
54.74	22.05
54.77	21.90
54.79	22.15
54.82	22.05
54.84	22.28
54.87	22.17
54.89	22.42
54.92	22.32
54.94	22.63
54.96	22.53
54.99	22.86
55.01	22.85
55.04	23.20
55.06	23.22
55.09	23.56
55.11	23.60
55.14	23.96
55.16	23.96
55.18	24.30
55.21	24.41
55.23	24.81
55.26	24.98
55.28	25.34
55.31	25.50
55.33	25.94
55.36	26.21
55.38	26.65
55.40	26.90
55.43	27.28
55.45	27.50
55.48	27.98
55.50	28.30
55.53	28.70
55.55	29.01
55.57	29.39
55.60	29.79
55.62	30.30
55.65	30.70
55.67	31.20
55.70	31.71
55.72	32.15
55.75	32.65
55.77	33.05
55.79	33.57
55.82	34.03
55.84	34.55
55.87	34.91
55.89	35.44
55.92	35.87
55.94	36.60
55.97	37.11
55.99	37.79
56.01	38.19
56.04	38.89
56.06	39.39
56.09	40.19
56.11	40.64
56.14	41.33
56.16	41.65
56.19	42.41
56.21	42.83
56.23	43.61
56.26	43.98
56.28	44.78
56.31	45.16
56.33	46.07
56.36	46.54
56.38	47.43
56.41	47.87
56.43	48.53
56.45	48.87
56.48	49.40
56.50	49.59
56.53	49.89
56.55	49.89
56.58	50.00
56.60	50.00
56.62	50.00
56.65	50.00
56.67	50.00
56.70	50.00
56.72	50.00
56.75	50.00
56.77	50.00
56.80	50.00
56.82	50.00
56.84	50.00
56.87	50.00
56.89	50.00
56.92	50.00
56.94	50.00
56.97	50.00
56.99	50.00
57.02	50.00
57.04	50.00
57.06	50.00
57.09	50.00
57.11	50.00
57.14	50.00
57.16	50.00
57.19	50.00
57.21	50.00
57.24	50.00
57.26	50.00
57.28	50.00
57.31	50.00
57.33	50.00
57.36	50.00
57.38	50.00
57.41	50.00
57.43	50.00
57.46	50.00
57.48	50.00
57.50	50.00
57.53	50.00
57.55	50.00
57.58	50.00
57.60	50.00
57.63	50.00
57.65	50.00
57.68	50.00
57.70	50.00
57.72	50.00
57.75	50.00
57.77	50.00
57.80	50.00
57.82	50.00
57.85	50.00
57.87	50.00
57.89	50.00
57.92	50.00
57.94	50.00
57.97	50.00
57.99	50.00
58.02	50.00
58.04	50.00
58.07	50.00
58.09	50.00
58.11	50.00
58.14	50.00
58.16	50.00
58.19	50.00
58.21	50.00
58.24	50.00
58.26	50.00
58.29	50.00
58.31	50.00
58.33	50.00
58.36	50.00
58.38	50.00
58.41	50.00
58.43	50.00
58.46	50.00
58.48	50.00
58.51	50.00
58.53	50.00
58.55	50.00
58.58	50.00
58.60	50.00
58.63	50.00
58.65	50.00
58.68	50.00
58.70	50.00
58.73	50.00
58.75	50.00
58.77	50.00
58.80	50.00
58.82	50.00
58.85	50.00
58.87	50.00
58.90	50.00
58.92	49.95
58.94	49.85
58.97	49.60
58.99	49.36
59.02	49.05
59.04	48.73
59.07	48.31
59.09	47.82
59.12	47.37
59.14	46.98
59.16	46.59
59.19	46.24
59.21	45.87
59.24	45.43
59.26	45.20
59.29	44.86
59.31	44.64
59.34	44.36
59.36	44.11
59.38	43.75
59.41	43.60
59.43	43.26
59.46	43.12
59.48	42.84
59.51	42.72
59.53	42.41
59.56	42.35
59.58	42.10
59.60	42.13
59.63	41.91
59.65	41.95
59.68	41.72
59.70	41.81
59.73	41.61
59.75	41.77
59.78	41.54
59.80	41.71
59.82	41.51
59.85	41.68
59.87	41.60
59.90	41.86
59.92	41.75
59.95	41.84
59.97	41.70
59.99	41.77
