0.02	0.90
0.04	0.89
0.07	0.72
0.09	0.72
0.12	0.54
0.14	0.70
0.17	0.54
0.19	0.70
0.21	0.53
0.24	0.69
0.26	0.51
0.29	0.67
0.31	0.51
0.34	0.66
0.36	0.49
0.39	0.68
0.41	0.52
0.43	0.68
0.46	0.56
0.48	0.70
0.51	0.56
0.53	0.74
0.56	0.56
0.58	0.67
0.61	0.51
0.63	0.60
0.65	0.50
0.68	0.63
0.70	0.51
0.73	0.64
0.75	0.52
0.78	0.62
0.80	0.60
0.83	0.71
0.85	0.63
0.87	0.67
0.90	0.57
0.92	0.63
0.95	0.61
0.97	0.63
1.00	0.59
1.02	0.57
1.05	0.53
1.07	0.56
1.09	0.61
1.12	0.62
1.14	0.66
1.17	0.58
1.19	0.62
1.22	0.58
1.24	0.65
1.26	0.61
1.29	0.65
1.31	0.51
1.34	0.60
1.36	0.50
1.39	0.64
1.41	0.55
1.44	0.65
1.46	0.51
1.48	0.60
1.51	0.49
1.53	0.66
1.56	0.53
1.58	0.66
1.61	0.49
1.63	0.67
1.66	0.55
1.68	0.72
1.70	0.55
1.73	0.71
1.75	0.54
1.78	0.71
1.80	0.53
1.83	0.71
1.85	0.56
1.88	0.73
1.90	0.55
1.92	0.76
1.95	0.59
1.97	0.75
2.00	0.58
2.02	0.71
2.05	0.53
2.07	0.70
2.10	0.51
2.12	0.65
2.14	0.47
2.17	0.61
2.19	0.51
2.22	0.68
2.24	0.55
2.27	0.67
2.29	0.54
2.31	0.65
2.34	0.56
2.36	0.66
2.39	0.55
2.41	0.62
2.44	0.50
2.46	0.58
2.49	0.55
2.51	0.63
2.53	0.58
2.56	0.60
2.58	0.54
2.61	0.59
2.63	0.59
2.66	0.65
2.68	0.64
2.71	0.59
2.73	0.60
2.75	0.56
2.78	0.62
2.80	0.61
2.83	0.61
2.85	0.52
2.88	0.55
2.90	0.47
2.93	0.61
2.95	0.55
2.97	0.64
3.00	0.52
3.02	0.62
3.05	0.54
3.07	0.72
3.10	0.61
3.12	0.72
3.15	0.55
3.17	0.68
3.19	0.56
3.22	0.71
3.24	0.54
3.27	0.68
3.29	0.49
3.32	0.68
3.34	0.54
3.36	0.70
3.39	0.58
3.41	0.73
3.44	0.56
3.46	0.73
3.49	0.54
3.51	0.71
3.54	0.54
3.56	0.69
3.58	0.53
3.61	0.69
3.63	0.53
3.66	0.69
3.68	0.52
3.71	0.66
3.73	0.52
3.76	0.68
3.78	0.56
3.80	0.69
3.83	0.52
3.85	0.65
3.88	0.54
3.90	0.68
3.93	0.59
3.95	0.64
3.98	0.55
4.00	0.65
4.02	0.61
4.05	0.71
4.07	0.62
4.10	0.64
4.12	0.59
4.15	0.62
4.17	0.60
4.20	0.63
4.22	0.60
4.24	0.58
4.27	0.54
4.29	0.53
4.32	0.59
4.34	0.57
4.37	0.57
4.39	0.52
4.42	0.54
4.44	0.51
4.46	0.61
4.49	0.58
4.51	0.68
4.54	0.55
4.56	0.62
4.59	0.54
4.61	0.69
4.63	0.60
4.66	0.70
4.68	0.54
4.71	0.67
4.73	0.56
4.76	0.72
4.78	0.59
4.81	0.70
4.83	0.51
4.85	0.68
4.88	0.55
4.90	0.71
4.93	0.54
4.95	0.68
4.98	0.52
5.00	0.70
5.03	0.52
5.05	0.71
5.07	0.55
5.10	0.72
5.12	0.54
5.15	0.71
5.17	0.53
5.20	0.71
5.22	0.53
5.25	0.71
5.27	0.55
5.29	0.72
5.32	0.58
5.34	0.73
5.37	0.56
5.39	0.70
5.42	0.54
5.44	0.69
5.47	0.57
5.49	0.67
5.51	0.53
5.54	0.65
5.56	0.56
5.59	0.70
5.61	0.60
5.64	0.66
5.66	0.57
5.68	0.64
5.71	0.60
5.73	0.67
5.76	0.61
5.78	0.61
5.81	0.56
5.83	0.59
5.86	0.60
5.88	0.63
5.90	0.62
5.93	0.56
5.95	0.58
5.98	0.54
6.00	0.60
6.03	0.58
6.05	0.62
6.08	0.52
6.10	0.57
6.12	0.50
6.15	0.65
6.17	0.58
6.20	0.67
6.22	0.53
6.25	0.63
6.27	0.54
6.30	0.68
6.32	0.57
6.34	0.68
6.37	0.51
6.39	0.64
6.42	0.52
6.44	0.69
6.47	0.53
6.49	0.66
6.52	0.50
6.54	0.65
6.56	0.52
6.59	0.70
6.61	0.54
6.64	0.70
6.66	0.53
6.69	0.70
6.71	0.55
6.73	0.71
6.76	0.53
6.78	0.70
6.81	0.53
6.83	0.72
6.86	0.57
6.88	0.73
6.91	0.55
6.93	0.71
6.95	0.58
6.98	0.77
7.00	0.62
7.03	0.73
7.05	0.57
7.08	0.69
7.10	0.56
7.13	0.71
7.15	0.58
7.17	0.65
7.20	0.53
7.22	0.62
7.25	0.58
7.27	0.67
7.30	0.58
7.32	0.62
7.35	0.55
7.37	0.63
7.39	0.62
7.42	0.67
7.44	0.64
7.47	0.63
7.49	0.59
7.52	0.62
7.54	0.65
7.57	0.67
7.59	0.69
7.61	0.63
7.64	0.65
7.66	0.61
7.69	0.69
7.71	0.67
7.74	0.74
7.76	0.61
7.78	0.69
7.81	0.59
7.83	0.72
7.86	0.63
7.88	0.71
7.91	0.56
7.93	0.68
7.96	0.57
7.98	0.75
8.00	0.59
8.03	0.71
8.05	0.54
8.08	0.70
8.10	0.56
8.13	0.73
8.15	0.57
8.18	0.75
8.20	0.59
8.22	0.75
8.25	0.61
8.27	0.78
8.30	0.61
8.32	0.79
8.35	0.59
8.37	0.76
8.40	0.59
8.42	0.74
8.44	0.60
8.47	0.77
8.49	0.59
8.52	0.77
8.54	0.61
8.57	0.77
8.59	0.60
8.62	0.71
8.64	0.57
8.66	0.75
8.69	0.63
8.71	0.74
8.74	0.58
8.76	0.69
8.79	0.64
8.81	0.76
8.84	0.66
8.86	0.71
8.88	0.59
8.91	0.68
8.93	0.65
8.96	0.71
8.98	0.66
9.01	0.65
9.03	0.60
9.05	0.69
9.08	0.71
9.10	0.74
9.13	0.74
9.15	0.69
9.18	0.70
9.20	0.69
9.23	0.71
9.25	0.71
9.27	0.74
9.30	0.64
9.32	0.69
9.35	0.63
9.37	0.72
9.40	0.66
9.42	0.73
9.45	0.61
9.47	0.69
9.49	0.60
9.52	0.77
9.54	0.68
9.57	0.79
9.59	0.62
9.62	0.77
9.64	0.67
9.67	0.84
9.69	0.67
9.71	0.80
9.74	0.63
9.76	0.80
9.79	0.70
9.81	0.86
9.84	0.70
9.86	0.87
9.89	0.69
9.91	0.88
9.93	0.71
9.96	0.83
9.98	0.66
10.01	0.82
10.03	0.63
10.06	0.82
10.08	0.63
10.10	0.79
10.13	0.61
10.15	0.77
10.18	0.63
10.20	0.80
10.23	0.65
10.25	0.81
10.28	0.65
10.30	0.79
10.32	0.68
10.35	0.81
10.37	0.71
10.40	0.80
10.42	0.66
10.45	0.76
10.47	0.69
10.50	0.80
10.52	0.76
10.54	0.79
10.57	0.70
10.59	0.79
10.62	0.78
10.64	0.85
10.67	0.79
10.69	0.75
10.72	0.75
10.74	0.77
10.76	0.80
10.79	0.80
10.81	0.83
10.84	0.78
10.86	0.78
10.89	0.72
10.91	0.82
10.94	0.76
10.96	0.82
10.98	0.69
11.01	0.75
11.03	0.68
11.06	0.83
11.08	0.74
11.11	0.86
11.13	0.70
11.15	0.80
11.18	0.70
11.20	0.85
11.23	0.71
11.25	0.84
11.28	0.67
11.30	0.83
11.33	0.72
11.35	0.87
11.37	0.73
11.40	0.89
11.42	0.70
11.45	0.88
11.47	0.70
11.50	0.87
11.52	0.71
11.55	0.87
11.57	0.69
11.59	0.86
11.62	0.70
11.64	0.91
11.67	0.73
11.69	0.89
11.72	0.76
11.74	0.95
11.77	0.80
11.79	0.94
11.81	0.78
11.84	0.94
11.86	0.80
11.89	0.94
11.91	0.82
11.94	0.91
11.96	0.77
11.99	0.91
12.01	0.82
12.03	0.96
12.06	0.84
12.08	0.91
12.11	0.84
12.13	0.92
12.16	0.87
12.18	0.95
12.21	0.86
12.23	0.88
12.25	0.82
12.28	0.86
12.30	0.87
12.33	0.88
12.35	0.88
12.38	0.87
12.40	0.88
12.42	0.87
12.45	0.96
12.47	0.95
12.50	1.01
12.52	0.90
12.55	0.94
12.57	0.86
12.60	0.97
12.62	0.88
12.64	0.97
12.67	0.81
12.69	0.92
12.72	0.83
12.74	1.00
12.77	0.91
12.79	1.01
12.82	0.84
12.84	1.00
12.86	0.88
12.89	1.05
12.91	0.89
12.94	0.99
12.96	0.82
12.99	1.01
13.01	0.86
13.04	1.03
13.06	0.85
13.08	1.02
13.11	0.86
13.13	1.04
13.16	0.86
13.18	1.06
13.21	0.89
13.23	1.08
13.26	0.92
13.28	1.11
13.30	0.94
13.33	1.11
13.35	0.91
13.38	1.07
13.40	0.90
13.43	1.06
13.45	0.93
13.47	1.06
13.50	0.89
13.52	1.03
13.55	0.90
13.57	1.10
13.60	0.98
13.62	1.05
13.65	0.95
13.67	1.03
13.69	0.98
13.72	1.10
13.74	1.00
13.77	1.03
13.79	0.96
13.82	1.03
13.84	1.06
13.87	1.10
13.89	1.04
13.91	1.05
13.94	1.02
13.96	1.04
13.99	1.08
14.01	1.07
14.04	1.10
14.06	1.04
14.09	1.03
14.11	1.01
14.13	1.08
14.16	1.04
14.18	1.11
14.21	0.97
14.23	1.04
14.26	0.96
14.28	1.09
14.31	1.03
14.33	1.11
14.35	0.95
14.38	1.09
14.40	0.97
14.43	1.13
14.45	1.01
14.48	1.10
14.50	0.94
14.52	1.08
14.55	0.94
14.57	1.12
14.60	0.94
14.62	1.07
14.65	0.92
14.67	1.10
14.70	0.96
14.72	1.13
14.74	0.96
14.77	1.15
14.79	0.96
14.82	1.11
14.84	0.95
14.87	1.10
14.89	0.93
14.92	1.10
14.94	0.92
14.96	1.10
14.99	0.96
15.01	1.09
15.04	0.95
15.06	1.07
15.09	0.94
15.11	1.13
15.14	0.99
15.16	1.09
15.18	0.92
15.21	1.02
15.23	0.95
15.26	1.05
15.28	0.93
15.31	1.00
15.33	0.91
15.36	1.00
15.38	0.98
15.40	1.04
15.43	1.00
15.45	1.01
15.48	0.95
15.50	0.99
15.53	1.00
15.55	1.03
15.57	1.04
15.60	0.97
15.62	0.97
15.65	0.97
15.67	1.04
15.70	1.03
15.72	1.06
15.75	0.94
15.77	1.03
15.79	0.96
15.82	1.06
15.84	1.00
15.87	1.06
15.89	0.93
15.92	1.05
15.94	0.92
15.97	1.10
15.99	0.98
16.01	1.08
16.04	0.94
16.06	1.08
16.09	0.93
16.11	1.13
16.14	0.95
16.16	1.11
16.19	0.92
16.21	1.11
16.23	0.97
16.26	1.17
16.28	0.99
16.31	1.19
16.33	1.00
16.36	1.20
16.38	1.02
16.41	1.19
16.43	1.03
16.45	1.20
16.48	1.02
16.50	1.24
16.53	1.08
16.55	1.24
16.58	1.08
16.60	1.23
16.63	1.09
16.65	1.28
16.67	1.14
16.70	1.26
16.72	1.11
16.75	1.24
16.77	1.17
16.80	1.31
16.82	1.19
16.84	1.29
16.87	1.19
16.89	1.31
16.92	1.28
16.94	1.38
16.97	1.33
16.99	1.37
17.02	1.28
17.04	1.36
17.06	1.34
17.09	1.39
17.11	1.37
17.14	1.36
17.16	1.37
17.19	1.41
17.21	1.46
17.24	1.50
17.26	1.53
17.28	1.45
17.31	1.47
17.33	1.42
17.36	1.55
17.38	1.52
17.41	1.58
17.43	1.47
17.46	1.54
17.48	1.46
17.50	1.64
17.53	1.52
17.55	1.60
17.58	1.45
17.60	1.57
17.63	1.49
17.65	1.66
17.68	1.51
17.70	1.65
17.72	1.51
17.75	1.69
17.77	1.58
17.80	1.73
17.82	1.59
17.85	1.75
17.87	1.59
17.89	1.77
17.92	1.62
17.94	1.78
17.97	1.64
17.99	1.81
18.02	1.63
18.04	1.80
18.07	1.62
18.09	1.79
18.11	1.62
18.14	1.78
18.16	1.63
18.19	1.82
18.21	1.68
18.24	1.83
18.26	1.65
18.29	1.77
18.31	1.65
18.33	1.79
18.36	1.66
18.38	1.76
18.41	1.61
18.43	1.72
18.46	1.65
18.48	1.78
18.51	1.69
18.53	1.73
18.55	1.64
18.58	1.74
18.60	1.71
18.63	1.80
18.65	1.73
18.68	1.71
18.70	1.68
18.73	1.71
18.75	1.69
18.77	1.71
18.80	1.70
18.82	1.65
18.85	1.65
18.87	1.63
18.90	1.70
18.92	1.67
18.94	1.71
18.97	1.61
18.99	1.64
19.02	1.56
19.04	1.68
19.07	1.59
19.09	1.69
19.12	1.53
19.14	1.61
19.16	1.51
19.19	1.68
19.21	1.54
19.24	1.68
19.26	1.49
19.29	1.63
19.31	1.51
19.34	1.66
19.36	1.51
19.38	1.63
19.41	1.43
19.43	1.60
19.46	1.43
19.48	1.59
19.51	1.42
19.53	1.57
19.56	1.39
19.58	1.54
19.60	1.34
19.63	1.52
19.65	1.33
19.68	1.49
19.70	1.31
19.73	1.48
19.75	1.31
19.78	1.50
19.80	1.31
19.82	1.46
19.85	1.32
19.87	1.48
19.90	1.36
19.92	1.47
19.95	1.29
19.97	1.42
19.99	1.32
20.02	1.44
20.04	1.33
20.07	1.39
20.09	1.29
20.12	1.39
20.14	1.32
20.17	1.42
20.19	1.35
20.21	1.37
20.24	1.30
20.26	1.34
20.29	1.31
20.31	1.34
20.34	1.30
20.36	1.27
20.39	1.23
20.41	1.24
20.43	1.32
20.46	1.33
20.48	1.38
20.51	1.32
20.53	1.34
20.56	1.31
20.58	1.39
20.61	1.33
20.63	1.41
20.65	1.28
20.68	1.36
20.70	1.30
20.73	1.47
20.75	1.37
20.78	1.48
20.80	1.30
20.83	1.44
20.85	1.34
20.87	1.50
20.90	1.35
20.92	1.49
20.95	1.31
20.97	1.50
21.00	1.38
21.02	1.56
21.05	1.40
21.07	1.57
21.09	1.42
21.12	1.59
21.14	1.44
21.17	1.63
21.19	1.47
21.22	1.66
21.24	1.50
21.26	1.70
21.29	1.58
21.31	1.75
21.34	1.58
21.36	1.76
21.39	1.62
21.41	1.82
21.44	1.73
21.46	1.90
21.48	1.77
21.51	1.92
21.53	1.82
21.56	2.03
21.58	1.92
21.61	2.01
21.63	1.90
21.66	2.02
21.68	1.98
21.70	2.12
21.73	2.01
21.75	2.08
21.78	2.01
21.80	2.10
21.83	2.12
21.85	2.19
21.88	2.16
21.90	2.21
21.92	2.22
21.95	2.30
21.97	2.37
22.00	2.41
22.02	2.47
22.05	2.44
22.07	2.48
22.10	2.47
22.12	2.55
22.14	2.54
22.17	2.64
22.19	2.55
22.22	2.65
22.24	2.60
22.27	2.75
22.29	2.72
22.31	2.85
22.34	2.69
22.36	2.82
22.39	2.72
22.41	2.89
22.44	2.78
22.46	2.91
22.49	2.74
22.51	2.90
22.53	2.77
22.56	2.98
22.58	2.81
22.61	2.95
22.63	2.81
22.66	2.99
22.68	2.85
22.71	3.03
22.73	2.87
22.75	3.05
22.78	2.89
22.80	3.05
22.83	2.88
22.85	3.06
22.88	2.90
22.90	3.09
22.93	2.92
22.95	3.09
22.97	2.94
23.00	3.08
23.02	2.93
23.05	3.06
23.07	2.89
23.10	3.05
23.12	2.90
23.15	3.01
23.17	2.85
23.19	2.94
23.22	2.85
23.24	2.97
23.27	2.85
23.29	2.92
23.32	2.80
23.34	2.87
23.36	2.84
23.39	2.89
23.41	2.82
23.44	2.81
23.46	2.72
23.49	2.75
23.51	2.74
23.54	2.74
23.56	2.73
23.58	2.65
23.61	2.62
23.63	2.63
23.66	2.67
23.68	2.63
23.71	2.64
23.73	2.53
23.76	2.58
23.78	2.52
23.80	2.59
23.83	2.51
23.85	2.55
23.88	2.39
23.90	2.45
23.93	2.31
23.95	2.43
23.98	2.30
24.00	2.36
24.02	2.20
24.05	2.32
24.07	2.18
24.10	2.35
24.12	2.18
24.15	2.29
24.17	2.10
24.20	2.25
24.22	2.08
24.24	2.24
24.27	2.02
24.29	2.17
24.32	1.98
24.34	2.13
24.37	1.95
24.39	2.10
24.42	1.91
24.44	2.07
24.46	1.86
24.49	2.03
24.51	1.83
24.54	1.98
24.56	1.81
24.59	1.93
24.61	1.76
24.63	1.92
24.66	1.76
24.68	1.91
24.71	1.70
24.73	1.80
24.76	1.69
24.78	1.83
24.81	1.72
24.83	1.82
24.85	1.67
24.88	1.80
24.90	1.75
24.93	1.85
24.95	1.75
24.98	1.78
25.00	1.69
25.03	1.76
25.05	1.71
25.07	1.75
25.10	1.71
25.12	1.70
25.15	1.68
25.17	1.69
25.20	1.72
25.22	1.77
25.25	1.78
25.27	1.72
25.29	1.74
25.32	1.69
25.34	1.79
25.37	1.78
25.39	1.81
25.42	1.72
25.44	1.78
25.47	1.71
25.49	1.87
25.51	1.78
25.54	1.88
25.56	1.76
25.59	1.89
25.61	1.81
25.64	2.00
25.66	1.88
25.68	2.02
25.71	1.87
25.73	2.03
25.76	1.92
25.78	2.11
25.81	1.96
25.83	2.14
25.86	2.01
25.88	2.21
25.90	2.09
25.93	2.29
25.95	2.17
25.98	2.38
26.00	2.23
26.03	2.43
26.05	2.29
26.08	2.50
26.10	2.37
26.12	2.56
26.15	2.43
26.17	2.64
26.20	2.53
26.22	2.73
26.25	2.60
26.27	2.77
26.30	2.72
26.32	2.93
26.34	2.87
26.37	3.04
26.39	2.94
26.42	3.11
26.44	3.07
26.47	3.22
26.49	3.18
26.52	3.29
26.54	3.23
26.56	3.38
26.59	3.39
26.61	3.53
26.64	3.53
26.66	3.60
26.69	3.62
26.71	3.71
26.73	3.77
26.76	3.86
26.78	3.88
26.81	3.89
26.83	3.95
26.86	3.96
26.88	4.07
26.91	4.12
26.93	4.21
26.95	4.18
26.98	4.27
27.00	4.24
27.03	4.42
27.05	4.41
27.08	4.54
27.10	4.43
27.13	4.57
27.15	4.51
27.17	4.72
27.20	4.63
27.22	4.77
27.25	4.62
27.27	4.79
27.30	4.71
27.32	4.91
27.35	4.76
27.37	4.91
27.39	4.76
27.42	4.97
27.44	4.85
27.47	5.03
27.49	4.87
27.52	5.04
27.54	4.88
27.57	5.05
27.59	4.87
27.61	5.05
27.64	4.88
27.66	5.06
27.69	4.89
27.71	5.06
27.74	4.89
27.76	5.08
27.78	4.89
27.81	5.03
27.83	4.86
27.86	5.02
27.88	4.87
27.91	4.98
27.93	4.77
27.96	4.89
27.98	4.74
28.00	4.87
28.03	4.72
28.05	4.76
28.08	4.61
28.10	4.68
28.13	4.58
28.15	4.69
28.18	4.55
28.20	4.53
28.22	4.43
28.25	4.44
28.27	4.39
28.30	4.41
28.32	4.29
28.35	4.23
28.37	4.17
28.40	4.13
28.42	4.14
28.44	4.11
28.47	4.07
28.49	4.02
28.52	3.98
28.54	3.92
28.57	3.96
28.59	3.87
28.62	3.88
28.64	3.71
28.66	3.68
28.69	3.58
28.71	3.65
28.74	3.53
28.76	3.58
28.79	3.39
28.81	3.44
28.84	3.30
28.86	3.41
28.88	3.26
28.91	3.32
28.93	3.11
28.96	3.23
28.98	3.05
29.01	3.18
29.03	2.99
29.05	3.09
29.08	2.87
29.10	2.99
29.13	2.79
29.15	2.95
29.18	2.75
29.20	2.87
29.23	2.65
29.25	2.80
29.27	2.60
29.30	2.75
29.32	2.54
29.35	2.67
29.37	2.47
29.40	2.61
29.42	2.45
29.45	2.56
29.47	2.35
29.49	2.47
29.52	2.31
29.54	2.47
29.57	2.35
29.59	2.42
29.62	2.30
29.64	2.39
29.67	2.30
29.69	2.41
29.71	2.29
29.74	2.31
29.76	2.20
29.79	2.25
29.81	2.23
29.84	2.29
29.86	2.22
29.89	2.23
29.91	2.18
29.93	2.24
29.96	2.27
29.98	2.27
30.01	2.28
30.03	2.24
30.06	2.25
30.08	2.26
30.10	2.33
30.13	2.33
30.15	2.39
30.18	2.28
30.20	2.33
30.23	2.28
30.25	2.42
30.28	2.38
30.30	2.48
30.32	2.37
30.35	2.53
30.37	2.46
30.40	2.64
30.42	2.55
30.45	2.68
30.47	2.53
30.50	2.71
30.52	2.60
30.54	2.83
30.57	2.70
30.59	2.86
30.62	2.74
30.64	2.98
30.67	2.89
30.69	3.11
30.72	2.98
30.74	3.22
30.76	3.11
30.79	3.32
30.81	3.20
30.84	3.43
30.86	3.32
30.89	3.57
30.91	3.45
30.94	3.69
30.96	3.60
30.98	3.84
31.01	3.73
31.03	3.94
31.06	3.85
31.08	4.13
31.11	4.06
31.13	4.27
31.15	4.19
31.18	4.41
31.20	4.41
31.23	4.65
31.25	4.62
31.28	4.81
31.30	4.76
31.33	4.92
31.35	4.97
31.37	5.15
31.40	5.16
31.42	5.28
31.45	5.31
31.47	5.48
31.50	5.60
31.52	5.74
31.55	5.80
31.57	5.88
31.59	5.94
31.62	6.06
31.64	6.19
31.67	6.30
31.69	6.41
31.72	6.44
31.74	6.54
31.77	6.59
31.79	6.74
31.81	6.80
31.84	6.93
31.86	6.88
31.89	7.02
31.91	7.01
31.94	7.24
31.96	7.23
31.99	7.40
32.01	7.30
32.03	7.48
32.06	7.44
32.08	7.69
32.11	7.58
32.13	7.77
32.16	7.64
32.18	7.86
32.20	7.78
32.23	7.99
32.25	7.85
32.28	8.03
32.30	7.86
32.33	8.06
32.35	7.92
32.38	8.09
32.40	7.94
32.42	8.13
32.45	7.95
32.47	8.15
32.50	7.97
32.52	8.12
32.55	7.96
32.57	8.10
32.60	7.91
32.62	8.07
32.64	7.88
32.67	8.00
32.69	7.75
32.72	7.84
32.74	7.68
32.77	7.79
32.79	7.63
32.82	7.69
32.84	7.49
32.86	7.59
32.89	7.45
32.91	7.52
32.94	7.36
32.96	7.35
32.99	7.16
33.01	7.16
33.04	7.06
33.06	7.07
33.08	6.94
33.11	6.88
33.13	6.75
33.16	6.74
33.18	6.68
33.21	6.64
33.23	6.55
33.26	6.43
33.28	6.34
33.30	6.23
33.33	6.19
33.35	6.11
33.38	6.05
33.40	5.88
33.43	5.82
33.45	5.68
33.47	5.74
33.50	5.59
33.52	5.58
33.55	5.39
33.57	5.39
33.60	5.24
33.62	5.30
33.65	5.08
33.67	5.11
33.69	4.86
33.72	4.90
33.74	4.70
33.77	4.78
33.79	4.56
33.82	4.66
33.84	4.44
33.87	4.54
33.89	4.34
33.91	4.44
33.94	4.24
33.96	4.33
33.99	4.05
34.01	4.16
34.04	3.90
34.06	4.02
34.09	3.79
34.11	3.88
34.13	3.64
34.16	3.77
34.18	3.58
34.21	3.73
34.23	3.50
34.26	3.61
34.28	3.44
34.31	3.59
34.33	3.40
34.35	3.47
34.38	3.26
34.40	3.37
34.43	3.22
34.45	3.32
34.48	3.17
34.50	3.25
34.52	3.09
34.55	3.20
34.57	3.13
34.60	3.23
34.62	3.14
34.65	3.17
34.67	3.09
34.70	3.15
34.72	3.12
34.74	3.18
34.77	3.11
34.79	3.10
34.82	3.07
34.84	3.09
34.87	3.14
34.89	3.16
34.92	3.18
34.94	3.15
34.96	3.18
34.99	3.16
35.01	3.28
35.04	3.27
35.06	3.35
35.09	3.27
35.11	3.38
35.14	3.34
35.16	3.53
35.18	3.48
35.21	3.61
35.23	3.49
35.26	3.65
35.28	3.62
35.31	3.84
35.33	3.76
35.36	3.94
35.38	3.84
35.40	4.07
35.43	4.01
35.45	4.24
35.48	4.14
35.50	4.34
35.53	4.24
35.55	4.49
35.57	4.40
35.60	4.64
35.62	4.54
35.65	4.79
35.67	4.71
35.70	4.96
35.72	4.89
35.75	5.19
35.77	5.14
35.79	5.41
35.82	5.35
35.84	5.64
35.87	5.64
35.89	5.89
35.92	5.79
35.94	6.03
35.97	6.01
35.99	6.29
36.01	6.31
36.04	6.52
36.06	6.50
36.09	6.77
36.11	6.83
36.14	7.14
36.16	7.20
36.19	7.37
36.21	7.43
36.23	7.64
36.26	7.73
36.28	7.93
36.31	7.97
36.33	8.11
36.36	8.21
36.38	8.39
36.41	8.58
36.43	8.77
36.45	8.93
36.48	9.07
36.50	9.22
36.53	9.34
36.55	9.57
36.58	9.71
36.60	9.87
36.62	9.91
36.65	10.05
36.67	10.12
36.70	10.37
36.72	10.40
36.75	10.62
36.77	10.61
36.80	10.82
36.82	10.85
36.84	11.13
36.87	11.15
36.89	11.38
36.92	11.30
36.94	11.53
36.97	11.48
36.99	11.75
37.02	11.65
37.04	11.83
37.06	11.71
37.09	11.93
37.11	11.87
37.14	12.11
37.16	11.99
37.19	12.21
37.21	12.10
37.24	12.30
37.26	12.17
37.28	12.37
37.31	12.22
37.33	12.41
37.36	12.24
37.38	12.40
37.41	12.23
37.43	12.38
37.46	12.18
37.48	12.35
37.50	12.14
37.53	12.28
37.55	12.08
37.58	12.16
37.60	11.96
37.63	12.03
37.65	11.82
37.68	11.94
37.70	11.72
37.72	11.74
37.75	11.54
37.77	11.54
37.80	11.38
37.82	11.39
37.85	11.20
37.87	11.15
37.89	10.94
37.92	10.90
37.94	10.78
37.97	10.72
37.99	10.56
38.02	10.43
38.04	10.28
38.07	10.20
38.09	10.10
38.11	9.95
38.14	9.84
38.16	9.63
38.19	9.48
38.21	9.32
38.24	9.27
38.26	9.07
38.29	8.97
38.31	8.71
38.33	8.65
38.36	8.42
38.38	8.40
38.41	8.16
38.43	8.11
38.46	7.87
38.48	7.84
38.51	7.59
38.53	7.61
38.55	7.33
38.58	7.31
38.60	7.04
38.63	7.05
38.65	6.80
38.68	6.87
38.70	6.59
38.73	6.63
38.75	6.35
38.77	6.41
38.80	6.14
38.82	6.22
38.85	5.91
38.87	5.99
38.90	5.69
38.92	5.77
38.94	5.50
38.97	5.58
38.99	5.31
39.02	5.40
39.04	5.14
39.07	5.27
39.09	5.04
39.12	5.13
39.14	4.89
39.16	4.96
39.19	4.75
39.21	4.87
39.24	4.66
39.26	4.71
39.29	4.48
39.31	4.55
39.34	4.41
39.36	4.52
39.38	4.37
39.41	4.43
39.43	4.29
39.46	4.37
39.48	4.32
39.51	4.40
39.53	4.30
39.56	4.30
39.58	4.20
39.60	4.26
39.63	4.27
39.65	4.30
39.68	4.28
39.70	4.28
39.73	4.29
39.75	4.32
39.78	4.38
39.80	4.41
39.82	4.47
39.85	4.40
39.87	4.44
39.90	4.40
39.92	4.54
39.95	4.53
39.97	4.65
39.99	4.58
40.02	4.73
40.04	4.71
40.07	4.94
40.09	4.89
40.12	5.04
40.14	4.95
40.17	5.14
40.19	5.08
40.21	5.33
40.24	5.24
40.26	5.47
40.29	5.38
40.31	5.64
40.34	5.61
40.36	5.89
40.39	5.82
40.41	6.11
40.43	6.04
40.46	6.33
40.48	6.26
40.51	6.54
40.53	6.50
40.56	6.79
40.58	6.73
40.61	7.05
40.63	7.01
40.65	7.32
40.68	7.30
40.70	7.61
40.73	7.64
40.75	7.98
40.78	7.98
40.80	8.27
40.83	8.28
40.85	8.54
40.87	8.60
40.90	8.90
40.92	8.97
40.95	9.26
40.97	9.32
41.00	9.63
41.02	9.78
41.05	10.06
41.07	10.21
41.09	10.42
41.12	10.53
41.14	10.79
41.17	10.95
41.19	11.21
41.22	11.36
41.24	11.51
41.26	11.69
41.29	11.92
41.31	12.17
41.34	12.40
41.36	12.60
41.39	12.77
41.41	12.99
41.44	13.20
41.46	13.50
41.48	13.63
41.51	13.86
41.53	13.95
41.56	14.18
41.58	14.27
41.61	14.58
41.63	14.66
41.66	14.97
41.68	15.01
41.70	15.29
41.73	15.36
41.75	15.71
41.78	15.68
41.80	15.96
41.83	15.89
41.85	16.17
41.88	16.15
41.90	16.43
41.92	16.38
41.95	16.63
41.97	16.54
42.00	16.86
42.02	16.81
42.05	17.08
42.07	17.00
42.10	17.23
42.12	17.13
42.14	17.37
42.17	17.23
42.19	17.43
42.22	17.27
42.24	17.46
42.27	17.31
42.29	17.49
42.31	17.31
42.34	17.48
42.36	17.30
42.39	17.44
42.41	17.26
42.44	17.40
42.46	17.21
42.49	17.26
42.51	17.01
42.53	17.07
42.56	16.86
42.58	16.93
42.61	16.75
42.63	16.73
42.66	16.52
42.68	16.51
42.71	16.33
42.73	16.33
42.75	16.10
42.78	15.96
42.80	15.72
42.83	15.59
42.85	15.42
42.88	15.32
42.90	15.11
42.93	14.95
42.95	14.75
42.97	14.61
43.00	14.54
43.02	14.36
43.05	14.19
43.07	13.96
43.10	13.76
43.12	13.52
43.15	13.41
43.17	13.14
43.19	13.00
43.22	12.68
43.24	12.56
43.27	12.32
43.29	12.28
43.32	12.00
43.34	11.93
43.36	11.61
43.39	11.52
43.41	11.22
43.44	11.15
43.46	10.86
43.49	10.78
43.51	10.40
43.54	10.36
43.56	10.05
43.58	10.04
43.61	9.72
43.63	9.66
43.66	9.36
43.68	9.36
43.71	9.02
43.73	9.04
43.76	8.72
43.78	8.73
43.80	8.39
43.83	8.38
43.85	8.07
43.88	8.13
43.90	7.81
43.93	7.85
43.95	7.55
43.98	7.62
44.00	7.37
44.02	7.41
44.05	7.12
44.07	7.16
44.10	6.92
44.12	7.02
44.15	6.81
44.17	6.84
44.20	6.63
44.22	6.67
44.24	6.53
44.27	6.60
44.29	6.41
44.32	6.40
44.34	6.23
44.37	6.26
44.39	6.20
44.41	6.22
44.44	6.11
44.46	6.12
44.49	6.05
44.51	6.07
44.54	6.09
44.56	6.11
44.59	6.11
44.61	6.07
44.63	6.07
44.66	6.07
44.68	6.16
44.71	6.15
44.73	6.23
44.76	6.16
44.78	6.26
44.81	6.22
44.83	6.40
44.85	6.41
44.88	6.56
44.90	6.47
44.93	6.67
44.95	6.63
44.98	6.85
45.00	6.82
45.03	7.00
45.05	6.91
45.07	7.16
45.10	7.11
45.12	7.42
45.15	7.37
45.17	7.61
45.20	7.56
45.22	7.87
45.25	7.85
45.27	8.17
45.29	8.13
45.32	8.43
45.34	8.40
45.37	8.70
45.39	8.66
45.42	8.97
45.44	8.94
45.47	9.26
45.49	9.25
45.51	9.61
45.54	9.65
45.56	9.99
45.59	10.04
45.61	10.40
45.64	10.48
45.66	10.87
45.68	10.93
45.71	11.24
45.73	11.31
45.76	11.63
45.78	11.73
45.81	12.06
45.83	12.18
45.86	12.49
45.88	12.63
45.90	12.97
45.93	13.17
45.95	13.51
45.98	13.71
46.00	13.97
46.03	14.13
46.05	14.42
46.08	14.67
46.10	14.94
46.12	15.17
46.15	15.40
46.17	15.66
46.20	15.95
46.22	16.25
46.25	16.53
46.27	16.84
46.30	17.06
46.32	17.35
46.34	17.59
46.37	17.93
46.39	18.16
46.42	18.46
46.44	18.57
46.47	18.88
46.49	19.03
46.52	19.41
46.54	19.59
46.56	19.94
46.59	20.02
46.61	20.40
46.64	20.52
46.66	20.95
46.69	21.03
46.71	21.35
46.73	21.36
46.76	21.73
46.78	21.77
46.81	22.15
46.83	22.12
46.86	22.45
46.88	22.43
46.91	22.79
46.93	22.81
46.95	23.13
46.98	23.08
47.00	23.42
47.03	23.38
47.05	23.72
47.08	23.64
47.10	23.89
47.13	23.83
47.15	24.07
47.17	23.96
47.20	24.18
47.22	24.03
47.25	24.24
47.27	24.10
47.30	24.24
47.32	24.10
47.35	24.25
47.37	24.09
47.39	24.19
47.42	24.00
47.44	24.07
47.47	23.93
47.49	24.01
47.52	23.85
47.54	23.83
47.57	23.61
47.59	23.58
47.61	23.41
47.64	23.36
47.66	23.15
47.69	22.99
47.71	22.76
47.74	22.64
47.76	22.47
47.78	22.33
47.81	22.12
47.83	21.88
47.86	21.69
47.88	21.48
47.91	21.32
47.93	21.09
47.96	20.87
47.98	20.56
48.00	20.34
48.03	20.01
48.05	19.85
48.08	19.52
48.10	19.32
48.13	18.99
48.15	18.79
48.18	18.47
48.20	18.37
48.22	18.04
48.25	17.89
48.27	17.46
48.30	17.28
48.32	16.89
48.35	16.75
48.37	16.30
48.40	16.15
48.42	15.71
48.44	15.65
48.47	15.27
48.49	15.19
48.52	14.81
48.54	14.76
48.57	14.34
48.59	14.28
48.62	13.83
48.64	13.74
48.66	13.34
48.69	13.24
48.71	12.80
48.74	12.74
48.76	12.33
48.79	12.28
48.81	11.91
48.84	11.90
48.86	11.56
48.88	11.59
48.91	11.24
48.93	11.25
48.96	10.92
48.98	10.92
49.01	10.59
49.03	10.59
49.05	10.25
49.08	10.29
49.10	10.00
49.13	10.06
49.15	9.77
49.18	9.82
49.20	9.57
49.23	9.67
49.25	9.45
49.27	9.49
49.30	9.23
49.32	9.29
49.35	9.10
49.37	9.21
49.40	9.02
49.42	9.06
49.45	8.93
49.47	9.00
49.49	8.91
49.52	8.99
49.54	8.87
49.57	8.91
49.59	8.81
49.62	8.87
49.64	8.87
49.67	8.94
49.69	8.92
49.71	8.97
49.74	8.98
49.76	9.05
49.79	9.14
49.81	9.23
49.84	9.30
49.86	9.30
49.89	9.38
49.91	9.43
49.93	9.60
49.96	9.66
49.98	9.83
50.01	9.82
50.03	10.00
50.06	10.04
50.08	10.32
50.10	10.37
50.13	10.62
50.15	10.60
50.18	10.92
50.20	10.95
50.23	11.27
50.25	11.30
50.28	11.59
50.30	11.55
50.32	11.90
50.35	11.92
50.37	12.32
50.40	12.35
50.42	12.72
50.45	12.80
50.47	13.24
50.50	13.32
50.52	13.77
50.54	13.81
50.57	14.20
50.59	14.27
50.62	14.65
50.64	14.71
50.67	15.12
50.69	15.19
50.72	15.65
50.74	15.80
50.76	16.28
50.79	16.47
50.81	16.92
50.84	17.07
50.86	17.54
50.89	17.69
50.91	18.14
50.94	18.30
50.96	18.66
50.98	18.84
51.01	19.26
51.03	19.48
51.06	19.94
51.08	20.21
51.11	20.64
51.13	20.89
51.15	21.32
51.18	21.66
51.20	22.09
51.23	22.41
51.25	22.74
51.28	23.00
51.30	23.39
51.33	23.70
51.35	24.05
51.37	24.37
51.40	24.64
51.42	24.98
51.45	25.30
51.47	25.66
51.50	26.01
51.52	26.39
51.55	26.68
51.57	27.03
51.59	27.24
51.62	27.65
51.64	27.88
51.67	28.25
51.69	28.32
51.72	28.59
51.74	28.73
51.77	29.18
51.79	29.32
51.81	29.68
51.84	29.72
51.86	30.11
51.89	30.21
51.91	30.62
51.94	30.62
51.96	30.91
51.99	30.88
52.01	31.22
52.03	31.22
52.06	31.50
52.08	31.42
52.11	31.72
52.13	31.66
52.16	31.95
52.18	31.85
52.20	32.07
52.23	31.98
52.25	32.20
52.28	32.05
52.30	32.26
52.33	32.07
52.35	32.25
52.38	32.08
52.40	32.21
52.42	32.00
52.45	32.13
52.47	31.92
52.50	31.99
52.52	31.71
52.55	31.71
52.57	31.46
52.60	31.47
52.62	31.21
52.64	31.17
52.67	30.85
52.69	30.83
52.72	30.60
52.74	30.57
52.77	30.29
52.79	30.14
52.82	29.79
52.84	29.64
52.86	29.33
52.89	29.15
52.91	28.83
52.94	28.56
52.96	28.24
52.99	28.06
53.01	27.82
53.04	27.58
53.06	27.29
53.08	26.94
53.11	26.65
53.13	26.35
53.16	26.04
53.18	25.71
53.21	25.40
53.23	24.98
53.26	24.68
53.28	24.27
53.30	24.05
53.33	23.68
53.35	23.44
53.38	23.02
53.40	22.80
53.43	22.41
53.45	22.25
53.47	21.84
53.50	21.59
53.52	21.10
53.55	20.90
53.57	20.46
53.60	20.29
53.62	19.82
53.65	19.64
53.67	19.17
53.69	19.05
53.72	18.63
53.74	18.53
53.77	18.14
53.79	18.06
53.82	17.62
53.84	17.55
53.87	17.11
53.89	17.04
53.91	16.62
53.94	16.52
53.96	16.09
53.99	16.03
54.01	15.65
54.04	15.66
54.06	15.26
54.09	15.25
54.11	14.94
54.13	15.00
54.16	14.74
54.18	14.74
54.21	14.41
54.23	14.42
54.26	14.17
54.28	14.19
54.31	13.93
54.33	13.88
54.35	13.66
54.38	13.70
54.40	13.58
54.43	13.62
54.45	13.50
54.48	13.49
54.50	13.40
54.52	13.43
54.55	13.39
54.57	13.43
54.60	13.38
54.62	13.35
54.65	13.35
54.67	13.35
54.70	13.43
54.72	13.45
54.74	13.50
54.77	13.45
54.79	13.52
54.82	13.53
54.84	13.74
54.87	13.77
54.89	13.96
54.92	13.95
54.94	14.18
54.96	14.23
54.99	14.54
55.01	14.58
55.04	14.85
55.06	14.82
55.09	15.10
55.11	15.15
55.14	15.48
55.16	15.48
55.18	15.79
55.21	15.79
55.23	16.18
55.26	16.26
55.28	16.67
55.31	16.73
55.33	17.14
55.36	17.21
55.38	17.69
55.40	17.79
55.43	18.19
55.45	18.25
55.48	18.68
55.50	18.80
55.53	19.25
55.55	19.37
55.57	19.83
55.60	20.01
55.62	20.52
55.65	20.71
55.67	21.23
55.70	21.44
55.72	21.94
55.75	22.15
55.77	22.58
55.79	22.82
55.82	23.29
55.84	23.56
55.87	23.99
55.89	24.23
55.92	24.70
55.94	25.06
55.97	25.60
55.99	25.95
56.01	26.39
56.04	26.78
56.06	27.24
56.09	27.64
56.11	28.16
56.14	28.51
56.16	28.90
56.19	29.23
56.21	29.61
56.23	30.04
56.26	30.45
56.28	30.82
56.31	31.20
56.33	31.65
56.36	32.05
56.38	32.60
56.41	33.03
56.43	33.53
56.45	33.85
56.48	34.27
56.50	34.55
56.53	35.07
56.55	35.32
56.58	35.78
56.60	35.95
56.62	36.41
56.65	36.70
56.67	37.27
56.70	37.48
56.72	38.01
56.75	38.15
56.77	38.67
56.80	38.86
56.82	39.32
56.84	39.39
56.87	39.80
56.89	39.81
56.92	40.26
56.94	40.34
56.97	40.75
56.99	40.80
57.02	41.22
57.04	41.32
57.06	41.74
57.09	41.76
57.11	42.12
57.14	42.12
57.16	42.46
57.19	42.46
57.21	42.71
57.24	42.63
57.26	42.85
57.28	42.74
57.31	42.97
57.33	42.88
57.36	43.09
57.38	43.01
57.41	43.13
57.43	42.98
57.46	43.08
57.48	42.90
57.50	42.98
57.53	42.76
57.55	42.73
57.58	42.51
57.60	42.49
57.63	42.34
57.65	42.34
57.68	42.10
57.70	41.98
57.72	41.73
57.75	41.59
57.77	41.40
57.80	41.20
57.82	40.91
57.85	40.64
57.87	40.38
57.89	40.16
57.92	39.95
57.94	39.70
57.97	39.45
57.99	39.09
58.02	38.81
58.04	38.49
58.07	38.25
58.09	37.90
58.11	37.58
58.14	37.09
58.16	36.81
58.19	36.35
58.21	36.13
58.24	35.70
58.26	35.38
58.29	34.87
58.31	34.62
58.33	34.18
58.36	33.99
58.38	33.44
58.41	33.14
58.43	32.64
58.46	32.38
58.48	31.87
58.51	31.64
58.53	31.10
58.55	30.87
58.58	30.34
58.60	30.14
58.63	29.63
58.65	29.46
58.68	28.95
58.70	28.78
58.73	28.24
58.75	28.05
58.77	27.47
58.80	27.29
58.82	26.75
58.85	26.56
58.87	26.01
58.90	25.90
58.92	25.44
58.94	25.36
58.97	24.89
58.99	24.75
59.02	24.39
59.04	24.32
59.07	23.94
59.09	23.79
59.12	23.35
59.14	23.23
59.16	22.91
59.19	22.79
59.21	22.48
59.24	22.33
59.26	22.05
59.29	21.99
59.31	21.82
59.34	21.75
59.36	21.54
59.38	21.42
59.41	21.24
59.43	21.18
59.46	21.09
59.48	21.02
59.51	20.93
59.53	20.81
59.56	20.75
59.58	20.70
59.60	20.73
59.63	20.72
59.65	20.75
59.68	20.66
59.70	20.74
59.73	20.67
59.75	20.83
59.78	20.80
59.80	20.92
59.82	20.82
59.85	21.00
59.87	20.96
59.90	21.26
59.92	21.23
59.95	21.29
59.97	21.24
59.99	21.35
